1668.460708 83.154230 4.921420 0.399800
1669.457716 83.295500 4.925560 0.399800
1670.457599 83.406910 4.928830 0.399800
1671.466851 83.507470 4.931680 0.399800
1672.467603 83.597600 4.932660 0.399800
1673.463350 83.667130 4.933030 0.399800
1674.461208 83.720280 4.932100 0.399800
1675.459344 83.752710 4.930170 0.399800
1676.485637 83.753830 4.928950 0.399800
1677.495205 83.749440 4.928260 0.399800
1678.493768 83.404100 4.919590 0.399800
1679.493065 82.921500 4.909270 0.399800
1680.489592 83.086820 4.907270 0.399800
1681.487162 83.222820 4.905630 0.399800
1682.480961 83.285360 4.903920 0.399800
1683.487634 83.285420 4.902520 0.399800
1684.483202 83.224990 4.899410 0.399800
1685.493075 83.191280 4.897610 0.399800
1686.491383 83.156580 4.895060 0.399800
1687.504257 83.112800 4.892200 0.399800
1688.513009 83.060720 4.889040 0.399800
1689.509341 83.000400 4.885510 0.399800
1690.524788 82.935050 4.881900 0.399800
1691.522239 82.861310 4.880690 0.399800
1692.530864 82.783910 4.878050 0.399800
1693.541236 82.468200 4.870200 0.399800
1694.536778 79.041510 4.840710 0.399800
1695.532832 76.048910 4.743490 0.399800
1696.531571 77.869170 4.787770 0.399800
1697.539292 78.417110 4.752930 0.399800
1698.544614 77.704940 4.694800 0.399800
1699.541923 76.046280 4.619650 0.399800
1700.541221 73.665810 4.530620 0.399800
1701.539483 71.104540 4.426350 0.399800
1702.547477 67.879770 4.370000 0.399800
1703.556842 64.485690 4.196120 0.399800
1704.553229 60.755010 4.066140 0.399800
1705.550367 56.948850 3.929490 0.399800
1706.547693 53.612680 3.786420 0.399800
1707.556372 50.548260 3.634750 0.399800
1708.565626 48.016840 3.478130 0.399800
1709.562836 46.054960 3.322810 0.399800
1710.576399 44.258200 3.147180 0.399800
1711.572672 42.920840 2.873980 0.399800
1712.567734 41.325050 2.330610 0.399800
1713.575633 40.244180 1.442700 0.399800
1714.569261 38.954400 0.400830 0.399800
1715.584298 37.449100 0.009590 0.399800
1716.581761 35.929910 0.000670 0.399800
1717.579000 34.635730 -0.000110 0.399800
1718.583671 33.025500 0.000580 0.399800
1719.581026 31.786060 -0.012790 0.399800
1720.577354 29.938400 -1.116170 0.399800
1721.576971 27.984530 1.097210 0.399800
1722.573691 26.898110 -2.930990 0.399800
1723.568551 24.161710 -3.392240 0.399800
1724.575736 21.169420 0.037600 0.399800
1725.573617 20.980970 -0.001070 0.399800
1726.585834 20.736930 -0.003340 0.399800
1727.583551 20.725400 -0.000650 0.399800
1728.591948 20.774690 -2.998620 0.399800
1729.601538 20.666440 0.828690 0.399800
1730.603139 20.704650 1.825580 0.399800
1731.612278 20.686190 -2.938660 0.399800
1732.609779 20.676810 0.000260 0.399800
1733.618360 20.668280 -0.000530 0.399800
1734.614782 20.659670 -0.000900 0.399800
1735.629051 20.654300 0.000270 0.399800
1736.624393 20.658900 0.091580 0.399800
1737.622442 20.637500 0.231420 0.399800
1738.617145 20.637020 -0.429100 0.399800
1739.628561 20.658600 -0.000880 0.399800
1740.638500 20.625600 -0.000960 0.399800
1741.637594 20.622680 -0.000840 0.399800
1742.635432 20.620650 -0.000620 0.399800
1743.653252 20.613850 -1.503560 0.399800
1744.650745 20.613330 -0.000640 0.399800
1745.652366 20.621020 -0.001120 0.399800
1746.673431 20.627310 -0.108770 0.399800
1747.670804 20.623470 -0.081840 0.399800
1748.667632 20.627790 -0.397720 0.399800
1749.708424 20.635740 -0.001240 0.399800
1750.703269 20.635580 0.011020 0.399800
1751.704469 20.638920 -0.000750 0.399800
1752.721930 20.642790 0.475860 0.399800
1753.731808 20.645400 1.669040 0.399800
1754.730514 20.646780 -0.003380 0.399800
1755.742052 20.647880 0.520460 0.399800
1756.737884 20.647150 -0.080320 0.399800
1757.732837 20.646850 0.003550 0.399800
1758.741065 20.648190 -0.046380 0.399800
1759.737348 20.646070 0.002090 0.399800
1760.750294 20.646280 -0.140240 0.399800
1761.747251 20.649190 0.094090 0.399800
1762.743934 20.645190 0.015910 0.399800
1763.749110 20.652200 -0.774930 0.399800
1764.747670 20.646230 -0.416950 0.399800
1765.759432 20.645300 -0.097220 0.399800
1766.754232 20.645100 -0.018590 0.399800
1767.749804 20.646320 0.170750 0.399800
1768.757120 20.645290 -0.090130 0.399800
1769.755145 20.644380 -0.487790 0.399800
1770.767266 20.642840 0.100270 0.399800
1771.762903 20.650430 -0.004780 0.399800
1772.757172 20.647650 -0.278290 0.399800
1773.783073 20.643670 -0.285010 0.399800
1774.779082 20.643340 0.310140 0.399800
1775.793520 20.643980 -9.685620 0.399800
1776.789194 20.643300 -0.000370 0.399800
1777.785091 20.643160 -0.000120 0.399800
1778.779752 20.644690 -0.000510 0.399800
1779.777669 20.644680 -0.000300 0.399800
1780.773522 20.643360 -0.000260 0.399800
1781.785888 20.642690 -0.000480 0.399800
1782.781839 20.641960 -0.000610 0.399800
1783.792628 20.642490 -0.000600 0.399800
1784.803016 20.642440 -0.000640 0.399800
1785.798762 20.642230 -0.000700 0.399800
1786.807825 20.643150 -0.000740 0.399800
1787.803025 20.642890 -0.000680 0.399800
1788.818988 20.643470 -0.000770 0.399800
1789.829095 20.641420 -0.000690 0.399800
1790.855235 20.642640 -0.000580 0.399800
1791.852883 20.643530 -0.000620 0.399800
1792.847821 20.641940 -0.000340 0.399800
1793.841089 20.641350 -0.001970 0.399800
1794.840876 20.641340 -0.000790 0.399800
1795.864237 20.642330 -0.000630 0.399800
1796.858008 20.641800 -0.000700 0.399800
1797.869909 20.642360 -0.000660 0.399800
1798.879194 20.644250 -0.000660 0.399800
1799.877607 20.641770 -0.000440 0.399800
1800.889492 20.641810 0.001140 0.399800
1801.885590 20.641690 -0.000060 0.399800
1802.896318 20.642040 -0.000400 0.399800
1803.904988 20.642230 -0.000340 0.399800
1804.898942 20.641630 -0.000450 0.399800
1805.898843 20.641090 -0.000510 0.399800
1806.893691 20.641430 -0.000380 0.399800
1807.904869 20.641520 -0.000530 0.399800
1808.914574 20.642100 -0.000590 0.399800
1809.912664 20.641190 -0.000400 0.399800
1810.911854 20.641140 -0.000530 0.399800
1811.904906 20.641290 -0.000540 0.399800
1812.912996 20.640900 -0.000480 0.399800
1813.923893 20.641430 -0.000650 0.399800
1814.919675 20.640120 -0.000530 0.399800
1815.915145 20.639700 -0.000540 0.399800
1816.912442 20.639950 -0.000450 0.399800
1817.921830 20.640200 -0.000170 0.399800
1818.931926 20.640960 -0.000330 0.399800
1819.929785 20.640500 -0.000460 0.399800
1820.929246 20.640450 0.000240 0.399800
1821.946208 20.639660 -0.000080 0.399800
1822.943116 20.640990 0.000260 0.399800
1823.939983 20.639900 0.000230 0.399800
1824.935121 20.641010 0.000400 0.399800
1825.932498 20.640110 0.000510 0.399800
1826.931482 20.639860 0.000730 0.399800
1827.938763 20.639730 0.001220 0.399800
1828.943543 20.639460 0.000220 0.399800
1829.939475 20.639500 0.001020 0.399800
1830.940759 20.639540 0.001510 0.399800
1831.939065 20.639730 0.001560 0.399800
1832.947305 20.640030 0.000910 0.399800
1833.957688 20.639780 0.002150 0.399800
1834.953757 20.639360 0.000810 0.399800
1835.949716 20.640280 0.002220 0.399800
1836.947362 20.639010 -0.000220 0.399800
1837.955537 20.640070 0.000030 0.399800
1838.965739 20.639940 -0.003400 0.399800
1839.961742 20.642180 0.003240 0.399800
1840.976008 20.641420 0.009620 0.399800
1841.973402 20.639990 0.001060 0.399800
1842.982112 20.640610 0.022560 0.399800
1843.990980 20.640740 0.003950 0.399800
1844.988899 20.641060 0.027690 0.399800
1845.984081 20.641770 0.022780 0.399800
1846.982738 20.641290 0.015480 0.399800
1847.990394 20.641180 0.040880 0.399800
1849.001036 20.641220 -0.004320 0.399800
1849.997010 20.641300 -0.235970 0.399800
1850.997043 20.641110 0.029630 0.399800
1851.994719 20.642240 -0.040590 0.399800
1852.999134 20.642030 -0.029200 0.399800
1854.008562 20.640970 0.010440 0.399800
1855.004365 20.641610 0.015550 0.399800
1856.001372 20.641280 0.025180 0.399800
1856.998814 20.640540 -0.001110 0.399800
1858.007232 20.641320 -0.003420 0.399800
1859.017730 20.642260 -0.011150 0.399800
1860.012944 20.640670 0.012400 0.399800
1861.027532 20.640570 0.016400 0.399800
1862.023714 20.640390 0.019680 0.399800
1863.019242 20.641530 0.004020 0.399800
1864.025118 20.641730 0.023030 0.399800
1865.019725 20.640980 0.012660 0.399800
1866.035768 20.641250 0.015280 0.399800
1867.032516 20.641020 0.017260 0.399800
1868.028766 20.641810 -0.173830 0.399800
1869.034715 20.653370 0.009700 0.399800
1870.033041 20.651730 -0.007310 0.399800
1871.027727 20.651940 -0.007820 0.399800
1872.028156 20.653480 0.014660 0.399800
1873.022577 20.653260 0.002470 0.399800
1874.019113 20.654690 0.004170 0.399800
1875.021099 20.654650 0.005440 0.399800
1876.024743 20.655310 -0.016570 0.399800
1877.022075 20.652420 -0.012100 0.399800
1878.020384 20.659780 -0.002990 0.399800
1879.016517 20.666730 0.010960 0.399800
1880.011556 20.669620 0.001530 0.399800
1881.006949 20.672230 0.007810 0.399800
1882.003057 20.673270 0.004660 0.399800
1883.002615 20.677070 0.000580 0.399800
1884.012517 20.676620 0.003870 0.399800
1885.009303 20.681050 0.007060 0.399800
1886.019273 20.684880 0.003260 0.399800
1887.029436 20.686310 0.000800 0.399800
1888.031678 20.687640 0.003230 0.399800
1889.039717 20.689060 0.004530 0.399800
1890.039037 20.680200 0.002670 0.399800
1891.045422 20.687330 0.013700 0.399800
1892.055444 20.688770 0.017560 0.399800
1893.052676 20.682460 0.010130 0.399800
1894.052807 20.694730 0.021240 0.399800
1895.052997 20.691070 0.017860 0.399800
1896.054141 20.701860 0.016920 0.399800
1897.064899 20.692630 0.022710 0.399800
1898.090070 20.684330 0.017870 0.399800
1899.087635 20.692540 0.003040 0.399800
1900.096739 20.693340 -0.002250 0.399800
1901.101401 20.694030 0.002560 0.399800
1902.096627 20.709360 -0.008420 0.399800
1903.099235 20.695910 -0.013400 0.399800
1904.093061 20.693010 -0.011390 0.399800
1905.105185 20.713940 -0.008980 0.399800
1906.114915 20.700130 -0.004310 0.399800
1907.111346 20.703630 -0.001200 0.399800
1908.112258 20.700940 0.003320 0.399800
1909.105892 20.701660 0.020370 0.399800
1910.113451 20.701670 0.018130 0.399800
1911.118949 20.694530 0.018730 0.399800
1912.116746 20.699480 0.015970 0.399800
1913.133355 20.707030 0.018690 0.399800
1914.129525 20.708260 0.014720 0.399800
1915.140074 20.709830 0.015850 0.399800
1916.149075 20.712190 0.010580 0.399800
1917.145143 20.707240 0.009910 0.399800
1918.146609 20.712040 0.010530 0.399800
1919.149708 20.702330 0.007160 0.399800
1920.148572 20.707850 0.000300 0.399800
1921.158644 20.708230 -0.008060 0.399800
1922.184882 20.722770 -0.013450 0.399800
1923.181237 20.710620 -0.010240 0.399800
1924.190748 20.713720 -0.010050 0.399800
1925.200859 20.709330 -0.006850 0.399800
1926.226826 20.704530 -0.009160 0.399800
1927.223689 20.716640 -0.008060 0.399800
1928.220479 20.716990 -0.006060 0.399800
1929.243769 20.721180 -0.006330 0.399800
1930.239607 20.721250 -0.010460 0.399800
1931.241065 20.716190 -0.012320 0.399800
1932.258329 20.726650 -0.011800 0.399800
1933.267875 20.731490 -0.005940 0.399800
1934.264911 20.728840 -0.008640 0.399800
1935.278348 20.729090 -0.009550 0.399800
1936.274616 20.733110 -0.009390 0.399800
1937.269484 20.734580 -0.008240 0.399800
1938.271761 20.737880 -0.004680 0.399800
1939.269807 20.738480 -0.000750 0.399800
1940.286562 20.756900 -0.003240 0.399800
1941.283871 20.743610 -0.007280 0.399800
1942.279007 20.746380 -0.003430 0.399800
1943.284504 20.742290 -0.006420 0.399800
1944.283679 20.779810 0.002070 0.399800
1945.281672 20.805900 -0.003120 0.399800
1946.283293 20.811690 -0.003100 0.399800
1947.301639 20.794990 -0.005250 0.399800
1948.311584 20.770520 -0.011200 0.399800
1949.308963 20.808500 -0.011190 0.399800
1950.321672 20.810120 -0.011650 0.399800
1951.319202 20.824620 -0.011530 0.399800
1952.315633 20.783130 -0.009470 0.399800
1953.337680 20.834120 -0.006990 0.399800
1954.363918 20.821440 -0.011330 0.399800
1955.359578 20.815050 -0.009120 0.399800
1956.352980 20.833940 -0.001110 0.399800
1957.362799 20.867450 -0.005080 0.399800
1958.361623 20.915140 0.003570 0.399800
1959.373073 20.938750 -0.001410 0.399800
1960.369598 20.967330 -0.005350 0.399800
1961.366754 20.955610 -0.001450 0.399800
1962.370943 21.022990 -0.005580 0.399800
1963.369597 21.082920 0.010960 0.399800
1964.381221 21.204910 0.008060 0.399800
1965.378583 21.360860 0.007860 0.399800
1966.374097 21.650600 0.005630 0.399800
1967.374765 22.071320 0.002840 0.399800
1968.372865 22.596140 -0.001420 0.399800
1969.389311 22.180400 0.000610 0.399800
1970.386019 22.696370 0.004590 0.399800
1971.382124 23.488430 0.001430 0.399800
1972.386986 23.846070 -0.000180 0.399800
1973.386765 24.279160 -0.000630 0.399800
1974.398718 24.588270 -0.003510 0.399800
1975.395522 24.833870 -0.004250 0.399800
1976.392163 25.028490 -0.014760 0.399800
1977.396673 25.265840 -0.018430 0.399800
1978.394466 25.459890 -0.022980 0.399800
1979.406919 25.931600 -0.030640 0.399800
1980.403566 26.471930 -0.028770 0.399800
1981.398859 26.838300 -0.032980 0.399800
1982.421287 27.038470 -0.041670 0.399800
1983.418193 27.249890 -0.037560 0.399800
1984.415003 27.441730 -0.032980 0.399800
1985.409781 27.609580 -0.036100 0.399800
1986.406738 27.779270 -0.033900 0.399800
1987.400009 27.950920 -0.031410 0.399800
1988.396125 28.134890 -0.028470 0.399800
1989.390817 28.315480 -0.023930 0.399800
1990.389184 28.483960 -0.024530 0.399800
1991.386738 28.651880 -0.027480 0.399800
1992.395756 28.824540 -0.015510 0.399800
1993.406513 29.004680 -0.019320 0.399800
1994.400935 29.182320 -0.018650 0.399800
1995.416497 29.353620 -0.034340 0.399800
1996.411464 29.534060 -0.035970 0.399800
1997.422027 29.705210 -0.033250 0.399800
1998.432010 29.877360 -0.038590 0.399800
1999.430042 30.058510 -0.040540 0.399800
2000.442620 30.233970 -0.027950 0.399800
2001.438863 30.409080 -0.008510 0.399800
2002.448660 30.586030 -0.002040 0.399800
2003.458554 30.769570 -0.009930 0.399800
2004.456592 30.956740 -0.001570 0.399800
2005.455618 31.137620 -0.001630 0.399800
2006.449678 31.316380 -0.005090 0.399800
2007.456756 31.493760 -0.003880 0.399800
2008.466025 31.677410 -0.010230 0.399800
2009.462369 31.865230 -0.015220 0.399800
2010.458586 32.045900 -0.001920 0.399800
2011.457239 32.227950 -0.009880 0.399800
2012.465224 32.408730 -0.002590 0.399800
2013.466655 32.590690 -0.008380 0.399800
2014.464630 32.777010 -0.006620 0.399800
2015.486160 32.965930 -0.006030 0.399800
2016.483315 33.154080 -0.005010 0.399800
2017.491549 33.333190 -0.005280 0.399800
2018.501795 33.510860 -0.004560 0.399800
2019.499296 33.687300 -0.004070 0.399800
2020.498772 33.854750 -0.004230 0.399800
2021.496500 34.021480 -0.003710 0.399800
2022.500295 34.189680 -0.003730 0.399800
2023.508614 34.359010 -0.003660 0.399800
2024.503793 34.527890 -0.003730 0.399800
2025.502464 34.693860 -0.003720 0.399800
2026.500968 34.858770 -0.003720 0.399800
2027.508812 35.022800 -0.003620 0.399800
2028.518170 35.188060 -0.003610 0.399800
2029.515419 35.352780 -0.003560 0.399800
2030.515157 35.513910 -0.003550 0.399800
2031.512809 35.674950 -0.003580 0.399800
2032.517156 35.835060 -0.003380 0.399800
2033.527507 35.996270 -0.003170 0.399800
2034.524465 36.157880 -0.002630 0.399800
2035.524627 36.316100 -0.000260 0.399800
2036.522697 36.474160 0.006160 0.399800
2037.525929 36.630650 0.019630 0.399800
2038.535374 36.787250 0.044660 0.399800
2039.532525 36.943930 0.085770 0.399800
2040.545869 37.099010 0.145660 0.399800
2041.568392 37.256680 0.229820 0.399800
2042.573253 37.412950 0.337870 0.399800
2043.567991 37.566630 0.470180 0.399800
2044.571079 37.718940 0.626980 0.399800
2045.568736 37.873080 0.781110 0.399800
2046.576882 38.028100 0.997780 0.399800
2047.586854 38.187540 1.194770 0.399800
2048.584521 38.344300 1.390470 0.399800
2049.592189 38.497300 1.554720 0.399800
2050.594609 38.650740 1.711050 0.399800
2051.603195 38.800880 1.852300 0.399800
2052.612133 38.949950 1.962960 0.399800
2053.610049 39.098510 2.103160 0.399800
2054.605383 39.244450 2.208780 0.399800
2055.604094 39.391180 2.305800 0.399800
2056.611693 39.538620 2.387750 0.399800
2057.621641 39.687380 2.460260 0.399800
2058.617351 39.837200 2.524080 0.399800
2059.613610 39.985240 2.579360 0.399800
2060.611864 40.133110 2.628690 0.399800
2061.620269 40.281360 2.670530 0.399800
2062.629083 40.430590 2.711760 0.399800
2063.626982 40.579640 2.747200 0.399800
2064.627649 40.726380 2.777920 0.399800
2065.624738 40.873070 2.810940 0.399800
2066.628493 41.017800 2.838070 0.399800
2067.638579 41.163720 2.862550 0.399800
2068.634092 41.309360 2.884560 0.399800
2069.648664 41.452110 2.909400 0.399800
2070.645400 41.596130 2.918130 0.399800
2071.640843 41.737330 2.946070 0.399800
2072.648775 41.877980 2.964600 0.399800
2073.673069 42.020130 2.982280 0.399800
2074.671726 42.164760 2.998740 0.399800
2075.679738 42.305560 3.015330 0.399800
2076.689705 42.447800 3.031310 0.399800
2077.686812 42.589220 3.045790 0.399800
2078.694939 42.727890 3.059640 0.399800
2079.692801 42.867640 3.073370 0.399800
2080.705857 43.004580 3.086130 0.399800
2081.715340 43.143310 3.098930 0.399800
2082.710692 43.280310 3.111050 0.399800
2083.708458 43.415400 3.122700 0.399800
2084.706955 43.551230 3.134160 0.399800
2085.714581 43.686610 3.145690 0.399800
2086.723813 43.823300 3.156070 0.399800
2087.717108 43.959350 3.166540 0.399800
2088.716684 44.093330 3.176870 0.399800
2089.714996 44.227490 3.186990 0.399800
2090.722779 44.360000 3.197020 0.399800
2091.733438 44.493260 3.206750 0.399800
2092.729495 44.625890 3.216320 0.399800
2093.729643 44.756010 3.225650 0.399800
2094.727177 44.886190 3.234770 0.399800
2095.731443 45.015210 3.244050 0.399800
2096.741413 45.144450 3.253080 0.399800
2097.738086 45.275110 3.262170 0.399800
2098.752069 45.403170 3.270740 0.399800
2099.749446 45.533850 3.279730 0.399800
2100.745524 45.661480 3.288290 0.399800
2101.750010 45.788600 3.296730 0.399800
2102.746267 45.916550 3.304860 0.399800
2103.759942 46.042740 3.313290 0.399800
2104.756836 46.171450 3.321320 0.399800
2105.753427 46.296880 3.329330 0.399800
2106.759137 46.421680 3.336950 0.399800
2107.760599 46.546530 3.344420 0.399800
2108.755409 46.669910 3.360740 0.399800
2109.752426 46.791380 3.359940 0.399800
2110.748800 46.912270 3.366330 0.399800
2111.758779 47.032570 3.371620 0.399800
2112.768152 47.154490 3.380990 0.399800
2113.766798 47.275640 3.387790 0.399800
2114.778637 47.394910 3.394880 0.399800
2115.775571 47.516710 3.401810 0.399800
2116.773100 47.635220 3.427750 0.399800
2117.776694 47.754530 3.425240 0.399800
2118.775539 47.874380 3.890150 0.399800
2119.787749 47.993700 3.428690 0.399800
2120.783398 48.114280 3.434940 0.399800
2121.780501 48.232700 3.705640 0.399800
2122.786680 48.351220 3.447170 0.399800
2123.787985 48.471150 3.051810 0.399800
2124.795935 48.589180 3.461080 0.399800
2125.793875 48.707820 -1.216900 0.399800
2126.788702 48.824340 3.474600 0.399800
2127.795830 48.940420 3.478510 0.399800
2128.791561 49.057760 3.485910 0.399800
2129.804115 49.173420 3.490930 0.399800
2130.801827 49.291340 3.491580 0.399800
2131.798906 49.406720 3.503700 0.399800
2132.819262 49.521680 3.363730 0.399800
2133.815204 49.638850 3.515490 0.399800
2134.816969 49.752390 3.521620 0.399800
2135.813390 49.866550 2.320620 0.399800
2136.810464 49.979510 3.533970 0.399800
2137.829145 50.092650 3.540350 0.399800
2138.827095 50.207440 3.551140 0.399800
2139.826021 50.320000 3.566200 0.399800
2140.826495 50.432680 3.548390 0.399800
2141.827230 50.545020 3.009040 0.399800
2142.821889 50.657320 3.569370 0.399800
2143.821359 50.767780 3.574290 0.399800
2144.815997 50.878640 3.580900 0.399800
2145.813656 50.988510 3.586290 0.399800
2146.807380 51.098260 3.591720 0.399800
2147.819826 51.206910 3.597050 0.399800
2148.829900 51.317650 3.602400 0.399800
2149.826338 51.429510 3.608100 0.399800
