761.570422 64.385060 10.658240 0.999600
762.566244 64.346170 10.654390 0.999600
763.566668 64.306550 10.650600 0.999600
764.584310 64.263120 10.646570 0.999600
765.594123 64.213880 10.642120 0.999600
766.597026 64.161490 10.638200 0.999600
767.593345 64.106270 10.633510 0.999600
768.605822 63.928060 10.616660 0.999600
769.603787 61.595460 10.550070 0.999600
770.596908 58.668750 10.481970 0.999600
771.594849 60.447930 10.404630 0.999600
772.593522 60.778070 13.443220 0.999600
773.609998 60.192850 20.449330 0.999600
774.607949 59.124810 9.675260 0.999600
775.609988 58.001150 9.281610 0.999600
776.605714 56.436170 9.508330 0.999600
777.601957 54.806720 9.533880 0.999600
778.597985 52.767780 8.970110 0.999600
779.596874 50.345340 8.584160 0.999600
780.592848 47.478110 7.647350 0.999600
781.592533 44.497700 5.942040 0.999600
782.585192 40.598360 3.448080 0.999600
783.582473 35.611520 -0.052380 0.999600
784.590497 32.024790 -1.363580 0.999600
785.590732 27.734330 -8.998800 0.999600
786.601661 21.166250 4.637530 0.999600
787.598326 20.995460 -6.651740 0.999600
788.607376 20.867970 -0.062780 0.999600
789.616770 20.686110 4.164110 0.999600
790.615656 20.663600 -0.000360 0.999600
791.627881 20.644680 0.001620 0.999600
792.625329 20.631860 0.001020 0.999600
793.621814 20.638750 0.000360 0.999600
794.618388 20.643360 0.000470 0.999600
795.612415 20.642520 0.000510 0.999600
796.610236 20.650530 0.000560 0.999600
797.608100 20.658680 0.000500 0.999600
798.620875 20.660870 0.000510 0.999600
799.618292 20.659260 0.000460 0.999600
800.627687 20.658640 0.000530 0.999600
801.637975 20.658860 0.000010 0.999600
802.636063 20.658640 -0.006220 0.999600
803.632953 20.659170 0.000070 0.999600
804.631184 20.658570 0.000340 0.999600
805.629620 20.658360 0.000270 0.999600
806.626218 20.658370 0.000180 0.999600
807.639665 20.658380 0.000320 0.999600
808.636565 20.659230 0.000370 0.999600
809.638365 20.658840 0.000090 0.999600
810.636737 20.659150 0.000400 0.999600
811.630374 20.659680 -0.000570 0.999600
812.627558 20.659980 -0.000240 0.999600
813.625067 20.659430 0.000220 0.999600
814.651442 20.659610 0.000430 0.999600
815.659814 20.659700 0.000240 0.999600
816.659064 20.659540 0.000390 0.999600
817.671781 20.659920 -0.000130 0.999600
818.670057 20.658840 0.000640 0.999600
819.667007 20.658420 -0.000030 0.999600
820.662057 20.658540 -0.000720 0.999600
821.671597 20.658010 0.000150 0.999600
822.668704 20.657960 0.001120 0.999600
823.663945 20.658860 -0.000560 0.999600
824.662479 20.657790 -0.000330 0.999600
825.670162 20.656430 0.000670 0.999600
826.665953 20.656510 -0.001120 0.999600
827.663768 20.656300 0.000250 0.999600
828.662225 20.656620 0.000430 0.999600
829.657476 20.656230 -0.001140 0.999600
830.658221 20.656040 0.000170 0.999600
831.655701 20.655410 0.002410 0.999600
832.664135 20.655430 0.001060 0.999600
833.674019 20.655520 -0.001070 0.999600
834.675736 20.655480 -0.000650 0.999600
835.669957 20.656320 0.000060 0.999600
836.681113 20.656840 0.004550 0.999600
837.676002 20.656270 0.004190 0.999600
838.674104 20.655620 0.005040 0.999600
839.669988 20.655590 0.002260 0.999600
840.667119 20.647610 0.010590 0.999600
841.666948 20.647200 0.000040 0.999600
842.662398 20.667980 0.003550 0.999600
843.679646 20.679820 -0.001540 0.999600
844.681868 20.709370 0.002590 0.999600
845.679702 20.702850 -0.002650 0.999600
846.676338 20.705970 -0.002400 0.999600
847.697799 20.707940 -0.004890 0.999600
848.694206 20.707440 -0.003250 0.999600
849.707465 20.701380 -0.002010 0.999600
850.709838 20.694920 -0.000070 0.999600
851.707482 20.703950 -0.000780 0.999600
852.715766 20.705630 0.000510 0.999600
853.725583 20.706470 -0.003050 0.999600
854.723577 20.705880 -0.002630 0.999600
855.735843 20.703290 -0.002460 0.999600
856.731930 20.700750 -0.003380 0.999600
857.742291 20.699620 -0.001420 0.999600
858.769286 20.701430 -0.003150 0.999600
859.764929 20.701860 0.095620 0.999600
860.762272 20.703230 0.002910 0.999600
861.760231 20.707530 0.000240 0.999600
862.768690 20.716050 0.002190 0.999600
863.765759 20.717130 0.001430 0.999600
864.762043 20.722140 0.027980 0.999600
865.757016 20.722760 0.009100 0.999600
866.754184 20.732410 0.005730 0.999600
867.748714 20.736890 0.001550 0.999600
868.760686 20.725630 -0.001910 0.999600
869.758543 20.724060 -0.001290 0.999600
870.772300 20.723330 -0.008310 0.999600
871.768280 20.739460 -0.004530 0.999600
872.764314 20.737480 -0.002350 0.999600
873.762952 20.761360 -0.016460 0.999600
874.771081 20.763850 0.064990 0.999600
875.781571 20.750440 0.237450 0.999600
876.782433 20.761530 0.170030 0.999600
877.790644 20.771310 0.076460 0.999600
878.789361 20.781740 0.038240 0.999600
879.790359 20.752340 0.203810 0.999600
880.786035 20.785800 0.163370 0.999600
881.781033 20.791930 -0.147460 0.999600
882.779557 20.804620 -0.071920 0.999600
883.776409 20.801600 -0.673340 0.999600
884.785028 20.808470 0.068530 0.999600
885.779058 20.836270 -0.011360 0.999600
886.791262 20.825500 0.077580 0.999600
887.802695 20.798880 -0.027570 0.999600
888.799419 20.816470 -0.018980 0.999600
889.811142 20.828290 -0.055740 0.999600
890.808688 20.808440 -0.047490 0.999600
891.803386 20.800360 -0.035880 0.999600
892.797109 20.826740 -0.030840 0.999600
893.793942 20.815820 0.019540 0.999600
894.791692 20.799870 -0.086000 0.999600
895.798943 20.825890 0.031440 0.999600
896.797051 20.815610 0.026440 0.999600
897.792875 20.830700 -0.024580 0.999600
898.794000 20.801880 -0.008750 0.999600
899.786262 20.778780 0.000760 0.999600
900.787552 20.795060 -0.005750 0.999600
901.785752 20.782540 0.007760 0.999600
902.780046 20.789150 0.032680 0.999600
903.781723 20.824100 -0.004590 0.999600
904.778187 20.796880 -0.017840 0.999600
905.787950 20.817390 0.003450 0.999600
906.797717 20.827160 0.000550 0.999600
907.795776 20.821010 -0.006220 0.999600
908.807829 20.832350 -0.004280 0.999600
909.803744 20.808030 -0.004500 0.999600
910.798054 20.855510 -0.002640 0.999600
911.807754 20.836490 -0.004470 0.999600
912.804926 20.859400 0.000220 0.999600
913.817042 20.857050 -0.001470 0.999600
914.812956 20.867840 0.003220 0.999600
915.807771 20.829630 0.000130 0.999600
916.815899 20.859950 -0.001900 0.999600
917.816716 20.897590 0.001240 0.999600
918.812326 20.872070 -0.002210 0.999600
919.809222 20.882870 -0.003800 0.999600
920.831288 20.859330 -0.000600 0.999600
921.840312 20.900780 -0.006580 0.999600
922.838414 20.892340 -0.003450 0.999600
923.851408 20.924360 -0.001430 0.999600
924.847754 20.935830 -0.001580 0.999600
925.857710 20.894900 -0.010670 0.999600
926.884924 20.934210 -0.012920 0.999600
927.880529 20.949740 -0.008420 0.999600
928.877558 20.933780 -0.003240 0.999600
929.874141 20.877480 -0.004270 0.999600
930.884084 20.944220 -0.003730 0.999600
931.883629 20.932450 -0.005230 0.999600
932.882313 20.922850 -0.006890 0.999600
933.903735 20.972360 -0.001930 0.999600
934.902198 20.884550 -0.006310 0.999600
935.910204 20.900810 0.001030 0.999600
936.906930 20.974210 -0.001450 0.999600
937.904157 20.906820 -0.001960 0.999600
938.902153 20.926960 -0.003310 0.999600
939.913984 20.927190 -0.004750 0.999600
940.912353 20.947010 0.000960 0.999600
941.920350 20.937500 -0.000200 0.999600
942.930928 20.960150 -0.001580 0.999600
943.927958 20.955120 -0.001330 0.999600
944.923763 20.947580 -0.001060 0.999600
945.924204 20.961590 0.000130 0.999600
946.922576 20.958610 0.002610 0.999600
947.923881 20.989270 -0.000920 0.999600
948.918915 20.968840 -0.000580 0.999600
949.914535 20.986190 0.001130 0.999600
950.912849 20.985240 0.002740 0.999600
951.910411 20.965070 -0.000010 0.999600
952.904884 21.120970 -0.002530 0.999600
953.902381 21.436890 -0.003310 0.999600
954.900799 22.310630 -0.001920 0.999600
955.926445 24.414580 -0.001320 0.999600
956.936943 25.507450 -0.008960 0.999600
957.933002 25.978930 -0.014110 0.999600
958.928401 26.400070 -0.022210 0.999600
959.922792 26.680070 -0.016850 0.999600
960.934908 27.041030 -0.016070 0.999600
961.944894 27.325620 -0.011920 0.999600
962.940904 27.592430 -0.013920 0.999600
963.936533 27.802300 -0.157660 0.999600
964.932803 28.016500 -0.003920 0.999600
965.943429 28.223120 -0.012540 0.999600
966.953508 28.407240 -0.009120 0.999600
967.951267 28.642110 -0.008240 0.999600
968.963954 28.927480 -0.005670 0.999600
969.960950 29.159780 -0.004480 0.999600
970.969807 29.388670 -0.004070 0.999600
971.979860 29.616100 -0.004070 0.999600
972.976730 29.837800 -0.004830 0.999600
973.990185 30.060130 -0.022390 0.999600
974.989037 30.285640 0.004640 0.999600
975.988757 30.504170 0.201390 0.999600
976.982901 30.718680 -0.001600 0.999600
977.990176 30.929710 -0.005200 0.999600
978.983987 31.143220 -0.004370 0.999600
979.982332 31.351980 -0.008950 0.999600
980.980675 31.558130 -0.004310 0.999600
981.988449 31.766280 -0.004470 0.999600
982.998151 31.973720 -0.107440 0.999600
983.993595 32.179010 0.009500 0.999600
984.990249 32.380700 -0.002810 0.999600
985.988939 32.581490 -0.002970 0.999600
986.996924 32.780910 0.010510 0.999600
988.005990 32.980890 -0.004410 0.999600
989.004865 33.176990 -0.005080 0.999600
989.998870 33.364710 0.048780 0.999600
991.000589 33.551920 -0.003220 0.999600
991.996865 33.736850 -0.758930 0.999600
992.991715 33.918310 -0.002500 0.999600
993.998130 34.095050 -0.002370 0.999600
994.996485 34.271960 -0.002920 0.999600
996.008587 34.442020 0.002420 0.999600
997.003985 34.612670 -0.584010 0.999600
997.998576 34.781730 -0.002170 0.999600
999.007744 34.949550 -0.000910 0.999600
1000.005773 35.119130 -1.884140 0.999600
1001.018097 35.268560 0.010060 0.999600
1002.015430 35.421520 0.023140 0.999600
1003.024145 35.578380 0.045530 0.999600
1004.033972 35.739510 0.175520 0.999600
1005.032571 35.902600 3.299950 0.999600
1006.044186 36.063980 0.211420 0.999600
1007.042562 36.227370 0.393550 0.999600
1008.036873 36.389010 1.606520 0.999600
1009.034165 36.552070 0.364050 0.999600
1010.029578 36.714910 0.830670 0.999600
1011.028095 36.876030 1.060320 0.999600
1012.029336 37.034950 1.572490 0.999600
1013.027859 37.192930 1.603630 0.999600
1014.039433 37.348000 1.892240 0.999600
1015.038122 37.503800 2.225500 0.999600
1016.034159 37.657880 2.584700 0.999600
1017.032701 37.811080 2.828910 0.999600
1018.052361 37.962870 3.342610 0.999600
1019.049797 38.114150 -1.307920 0.999600
1020.067634 38.264980 4.085240 0.999600
1021.066095 38.420650 -0.502230 0.999600
1022.062168 38.571650 4.690110 0.999600
1023.084711 38.722970 5.056810 0.999600
1024.083465 38.877420 6.258550 0.999600
1025.093914 39.027110 5.583460 0.999600
1026.116481 39.177890 5.809300 0.999600
1027.126039 39.330710 6.009250 0.999600
1028.124459 39.480640 6.184410 0.999600
1029.118811 39.628540 6.337370 0.999600
1030.121043 39.777080 6.473150 0.999600
1031.117734 39.928010 6.593860 0.999600
1032.115742 40.077900 6.730560 0.999600
1033.118425 40.226840 6.799340 0.999600
1034.116022 40.374770 6.884780 0.999600
1035.129229 40.520810 6.968640 0.999600
1036.127812 40.668720 7.043800 0.999600
1037.127778 40.814040 7.111830 0.999600
1038.122924 40.958940 7.174970 0.999600
1039.117666 41.102500 7.341710 0.999600
1040.118088 41.245780 7.294700 0.999600
1041.139462 41.389310 7.339850 0.999600
1042.140381 41.536180 5.487990 0.999600
1043.136793 41.678360 3.773620 0.999600
1044.147246 41.819090 7.477980 0.999600
1045.156010 41.960570 7.164320 0.999600
1046.155628 42.100800 7.531280 0.999600
1047.167642 42.239280 7.599690 0.999600
1048.164704 42.380270 7.638270 0.999600
1049.173569 42.519180 7.674070 0.999600
1050.182208 42.660440 -0.628950 0.999600
1051.178172 42.801520 7.743470 0.999600
1052.175733 42.938910 7.769980 0.999600
1053.174692 43.076130 7.805750 0.999600
1054.182101 43.212190 7.835650 0.999600
1055.176072 43.348760 7.826130 0.999600
1056.174736 43.482810 7.892090 0.999600
1057.167880 43.615930 1.503010 0.999600
1058.185653 43.748220 -0.977480 0.999600
1059.182650 43.882860 0.588900 0.999600
1060.192260 44.013430 5.879110 0.999600
1061.202101 44.145300 -2.271130 0.999600
1062.198386 44.276750 8.043320 0.999600
1063.212125 44.406030 0.321500 0.999600
1064.210634 44.537530 6.534810 0.999600
1065.205529 44.665460 4.370660 0.999600
1066.210934 44.793020 2.681380 0.999600
1067.208096 44.920160 -0.734400 0.999600
1068.202630 45.045740 2.270140 0.999600
1069.204026 45.169760 7.070740 0.999600
1070.198834 45.294460 8.668350 0.999600
1071.199800 45.418080 9.381450 0.999600
1072.196185 45.541730 8.252260 0.999600
1073.192730 45.663750 8.271420 0.999600
1074.192854 45.785630 8.290500 0.999600
1075.214356 45.907150 8.308980 0.999600
1076.210804 46.031080 8.329320 0.999600
1077.205640 46.152220 8.347560 0.999600
1078.200794 46.273060 8.366480 0.999600
1079.196590 46.394780 8.385130 0.999600
1080.194089 46.515960 8.403550 0.999600
1081.206700 46.637720 8.421000 0.999600
1082.203892 46.761230 8.440100 0.999600
1083.213401 46.882140 8.458010 0.999600
1084.224481 47.005080 8.476040 0.999600
1085.220705 47.128620 8.493760 0.999600
1086.234066 47.250150 1.592080 0.999700
1087.233602 47.374050 8.022620 0.999600
1088.239750 47.495770 8.545340 0.999600
1089.249926 47.617870 8.562560 0.999600
1090.246654 47.740040 8.579560 0.999600
1091.242054 47.859760 8.595780 0.999600
1092.240427 47.979230 8.613050 0.999600
1093.248206 48.098600 8.629640 0.999600
1094.257676 48.218580 8.645240 0.999600
1095.284141 48.338140 8.660720 0.999600
1096.282745 48.458320 8.675370 0.999600
1097.278831 48.574680 1.866850 0.999600
1098.276124 48.690340 8.703460 0.999600
1099.271087 48.806350 7.732370 0.999600
1100.267472 48.920930 8.733370 0.999600
1101.263729 49.035360 8.860200 0.999600
1102.278403 49.148750 8.762750 0.999600
1103.275732 49.263210 8.776950 0.999600
1104.284741 49.374830 8.789640 0.999600
1105.295886 49.487740 8.803610 0.999600
1106.320409 49.599960 8.819530 0.999600
1107.319249 49.714270 5.567420 0.999600
1108.327373 49.826280 7.379120 0.999600
1109.337369 49.939750 7.588020 0.999600
1110.333818 50.053460 8.881740 0.999600
1111.329537 50.164070 8.895490 0.999600
1112.327366 50.274850 8.909550 0.999600
1113.335539 50.385290 8.923140 0.999600
1114.345779 50.496650 8.937700 0.999600
1115.342104 50.607910 8.948610 0.999600
1116.337747 50.716300 8.965230 0.999700
1117.336388 50.824430 8.169900 0.999600
1118.344201 50.935210 8.982760 0.999600
1119.354656 51.046550 8.436500 0.999600
1120.350599 51.157970 9.017600 0.999600
1121.363830 51.267600 9.029810 0.999600
1122.360827 51.379890 9.067360 0.999700
1123.358715 51.489400 9.058610 0.999600
1124.363542 51.599470 9.081500 0.999600
1125.359608 51.710400 9.082930 0.999600
1126.373380 51.819830 9.097370 0.999600
1127.370688 51.930290 9.111350 0.999600
1128.366775 52.039100 9.122300 0.999600
1129.370058 52.147000 9.168230 0.999700
1130.369929 52.255610 9.132720 0.999700
1131.364409 52.362780 9.161390 0.999700
1132.365239 52.469790 2.133500 0.999600
1133.363140 52.576890 2.044880 0.999600
1134.362619 52.684560 9.892010 0.999600
1135.358380 52.791280 9.210210 0.999600
1136.360792 52.897400 6.428900 0.999600
1137.361812 53.003550 9.235280 0.999600
1138.359729 53.108400 9.246130 0.999600
1139.354572 53.212250 9.258350 0.999600
1140.360811 53.315120 9.270380 0.999600
1141.359423 53.418770 9.282590 0.999600
1142.367147 53.521980 9.295380 0.999600
1143.377085 53.626820 9.306980 0.999600
1144.372224 53.731440 9.292350 0.999600
1145.368977 53.834530 9.329300 0.999600
