1644.338762 1.029362
1645.340101 1.029314
1646.342450 1.029452
1647.344220 1.029405
1648.344462 1.029248
1649.346401 1.029145
1650.348409 1.029014
1651.350542 1.028997
1652.350990 1.029127
1653.351220 1.029071
1654.351776 1.029058
1655.354102 1.029009
1656.355533 1.028993
1657.357468 1.029040
1658.359361 1.029036
1659.361427 1.029031
1660.364344 1.028999
1661.364461 1.028906
1662.365138 1.028929
1663.366478 1.028913
1664.367616 1.028907
1665.368466 1.028850
1666.370491 1.028831
1667.372589 1.028825
1668.374049 1.028813
1669.375070 1.028797
1670.377289 1.028770
1671.378469 1.028765
1672.380685 1.028726
1673.381452 1.028677
1674.382286 1.028642
1675.384000 1.028546
1676.386154 1.028597
1677.388375 1.028599
1678.390348 1.028616
1679.392348 1.028655
1680.395314 1.028676
1681.396116 1.028728
1682.398731 1.028676
1683.400446 1.028699
1684.401273 1.028673
1685.403017 1.028647
1686.405469 1.028633
1687.407260 1.028665
1688.408112 1.028550
1689.409141 1.028496
1690.410403 1.028436
1691.411140 1.028491
1692.412749 1.029006
1693.414041 1.028556
1694.415420 1.028463
1695.417015 1.028487
1696.419227 1.028449
1697.420702 1.028407
1698.422176 1.028965
1699.423721 1.028377
1700.424772 1.028147
1701.426301 1.029242
1702.428372 1.029007
1703.430311 1.028862
1704.432738 1.028854
1705.434620 1.028459
1706.436603 1.028365
1707.438176 1.028457
1708.440378 1.028616
1709.442572 1.028519
1710.444255 1.028473
1711.445199 1.028480
1712.447535 1.028435
1713.450368 1.028404
1714.451093 1.028346
1715.451393 1.028274
1716.452482 1.028235
1717.454512 1.028240
1718.456818 1.028170
1719.459195 1.028191
1720.461287 1.028237
1721.462219 1.028195
1722.464664 1.028159
1723.466703 1.028090
1724.468091 1.028044
1725.470296 1.028020
1726.471819 1.027943
1727.474067 1.027926
1728.475539 1.027899
1729.476599 1.027927
1730.477994 1.027882
1731.480540 1.027845
1732.482364 1.027838
1733.484386 1.027783
1734.486615 1.027746
1735.487913 1.027751
1736.490500 1.027726
1737.492041 1.027693
1738.494562 1.027637
1739.496993 1.027604
1740.499214 1.027606
1741.500519 1.027597
1742.502304 1.027572
1743.505014 1.027526
1744.505490 1.027522
1745.508299 1.027497
1746.510643 1.027484
1747.512145 1.027438
1748.512263 1.027420
1749.514887 1.027395
1750.515641 1.027368
1751.517635 1.027391
1752.519477 1.027379
1753.521573 1.027329
1754.523800 1.027270
1755.524811 1.027190
1756.527398 1.027607
1757.529695 1.027431
1758.531233 1.027420
1759.533595 1.027314
1760.534335 1.027288
1761.537242 1.027059
1762.540818 1.027427
1763.541850 1.026414
1764.544610 1.026987
1765.546164 1.027332
1766.548315 1.025942
1767.549638 1.026995
1768.551427 1.026544
1769.553021 1.025920
1770.555421 1.025978
1771.557482 1.026449
1772.558227 1.026775
1773.559426 1.026352
1774.561781 1.026141
1775.563667 1.026083
1776.565165 1.025953
1777.565603 1.026775
1778.566584 1.025828
1779.567655 1.026584
1780.568533 1.025644
1781.570254 1.026134
1782.572728 1.026218
1783.573907 1.024366
1784.575438 1.024238
1785.577207 1.026023
1786.579939 1.025662
1787.581131 1.025314
1788.582935 1.025000
1789.584737 1.024634
1790.585686 1.024305
1791.587286 1.023894
1792.588485 1.023433
1793.590603 1.022942
1794.592624 1.022812
1795.595154 1.022341
1796.596555 1.021611
1797.598276 1.020665
1798.600178 1.019442
1799.602741 1.017808
1800.605458 1.016212
1801.607991 1.014394
1802.610485 1.011312
1803.612437 1.008537
1804.613767 0.999502
1805.614792 0.964719
1806.615704 0.941855
1807.617202 0.927707
1808.620221 0.916721
1809.622648 0.909986
1810.623742 0.904350
1811.625904 0.899020
1812.627667 0.895108
1813.629629 0.891829
1814.630672 0.890356
1815.631744 0.889207
1816.633366 0.887003
1817.635049 0.885837
1818.636302 0.885703
1819.638013 0.885043
1820.639990 0.882733
1821.640253 0.881442
1822.641469 0.880483
1823.642619 0.880466
1824.644552 0.880382
1825.645581 0.878769
1826.646179 0.877920
1827.646738 0.876455
1828.648325 0.875481
1829.648370 0.875632
1830.650119 0.875581
1831.650542 0.875132
1832.652217 0.874523
1833.654022 0.873922
1834.655421 0.873467
1835.656616 0.873282
1836.658168 0.872802
1837.660087 0.872080
1838.660901 0.870485
1839.662128 0.868017
1840.664266 0.866239
1841.665125 0.865344
1842.668241 0.864038
1843.669885 0.863045
1844.671628 0.861666
1845.672743 0.860777
1846.673441 0.859641
1847.674129 0.858489
1848.675410 0.857035
1849.678116 0.855578
1850.680109 0.854776
1851.680774 0.854268
1852.683634 0.853628
1853.684542 0.853016
1854.686229 0.852459
1855.687932 0.851803
1856.690228 0.851012
1857.692397 0.850404
1858.694171 0.849140
1859.695252 0.847249
1860.698471 0.845798
1861.699984 0.844426
1862.702470 0.840769
1863.703499 0.837044
1864.705726 0.834036
1865.706675 0.834451
1866.707877 0.832572
1867.709620 0.831408
