2014.010987 0.873574
2015.012325 0.878463
2016.013949 0.882560
2017.014834 0.886344
2018.016674 0.889902
2019.017577 0.892901
2020.018755 0.897685
2021.021164 0.924578
2022.023007 0.976162
2023.023345 1.031629
2024.025273 1.031637
2025.026782 1.031571
2026.027976 1.031524
2027.029875 1.031542
2028.031668 1.031509
2029.033167 1.031450
2030.036145 1.031339
2031.037400 1.031152
2032.038812 1.031081
2033.040479 1.030922
2034.041979 1.030891
2035.043918 1.030746
2036.044396 1.030676
2037.044835 1.030632
2038.047726 1.030666
2039.050361 1.030586
2040.050582 1.030502
2041.050485 1.030499
2042.051909 1.030464
2043.054001 1.030430
2044.054683 1.030423
2045.055518 1.030378
2046.056671 1.030312
2047.057799 1.030313
2048.059705 1.030237
2049.061254 1.029276
2050.063540 1.029201
2051.064225 1.029289
2052.065842 1.029155
2053.066679 1.028979
2054.068057 1.029041
2055.069862 1.029269
2056.071940 1.029569
2057.073460 1.029529
2058.074970 1.030025
2059.076497 1.030095
2060.079450 1.030072
2061.081395 1.029568
2062.082894 1.029572
2063.084621 1.029740
2064.085836 1.029967
2065.087955 1.029984
2066.089550 1.029948
2067.090461 1.029935
2068.092063 1.029939
2069.093755 1.029965
2070.095615 1.029954
2071.096411 1.029920
2072.098093 1.029991
2073.100718 1.029970
2074.101562 1.029988
2075.102352 1.029994
2076.104137 1.029977
2077.104585 1.029978
2078.106117 1.029926
2079.107841 1.030329
2080.108776 1.030381
2081.111396 1.030343
2082.113099 1.030306
2083.114932 1.030293
2084.117368 1.030264
2085.119222 1.030328
2086.121294 1.030160
2087.123603 1.030122
2088.125833 1.030028
2089.128238 1.029972
2090.130474 1.029910
2091.132883 1.030101
2092.135119 1.029844
2093.136941 1.029843
2094.139820 1.029820
2095.140133 1.029838
2096.142382 1.029919
2097.143925 1.029958
2098.145231 1.029787
2099.147406 1.030044
2100.149432 1.030007
2101.150883 1.029932
2102.151903 1.029918
2103.153861 1.029825
2104.155076 1.029506
2105.156792 1.029420
2106.159754 1.029512
2107.162226 1.029514
2108.164790 1.029511
2109.166225 1.029355
2110.167687 1.029252
2111.168914 1.029267
2112.169778 1.029244
2113.171795 1.029173
2114.173741 1.029355
2115.174814 1.029163
2116.176285 1.029503
2117.178077 1.029736
2118.179977 1.029492
2119.182171 1.029498
2120.183748 1.029085
2121.185533 1.028934
2122.187768 1.028962
2123.189033 1.028991
2124.191365 1.028933
2125.192575 1.029026
2126.194312 1.028908
2127.195013 1.029150
2128.197358 1.028905
2129.199127 1.028947
2130.199784 1.028891
2131.201395 1.028930
2132.203063 1.028826
2133.203766 1.028783
2134.205084 1.028741
2135.205508 1.028762
2136.207312 1.028705
2137.209364 1.028650
2138.210974 1.028666
2139.213118 1.028553
2140.214820 1.028568
2141.217504 1.028922
2142.219008 1.028439
2143.221720 1.028497
2144.223238 1.028343
2145.225427 1.028270
2146.226540 1.028169
2147.227870 1.028342
2148.229199 1.028077
2149.229730 1.027931
2150.231096 1.027959
2151.233542 1.027852
2152.234482 1.027807
2153.235299 1.027762
2154.237030 1.027649
2155.238719 1.027563
2156.240380 1.027534
2157.242534 1.027533
2158.242966 1.027423
2159.245029 1.027319
2160.247092 1.027265
2161.249950 1.027219
2162.251160 1.027166
2163.251733 1.027122
2164.254712 1.027089
2165.255721 1.027049
2166.257730 1.026973
2167.259530 1.026905
2168.261635 1.026817
2169.262727 1.026724
2170.264380 1.026692
2171.264366 1.026216
2172.266653 1.025900
2173.267779 1.025623
2174.269680 1.025579
2175.271299 1.025328
2176.273707 1.024994
2177.275633 1.024622
2178.277396 1.024194
2179.279500 1.023841
2180.282822 1.023607
2181.284660 1.023008
2182.287156 1.022491
2183.288960 1.021715
2184.291651 1.020626
2185.293732 1.019448
2186.294886 1.018313
2187.295666 1.017210
2188.297085 1.015577
2189.299466 1.013670
2190.300522 1.011684
2191.302007 1.008179
2192.303605 1.003374
2193.305121 0.992916
2194.305726 0.966796
2195.306763 0.950541
2196.307680 0.939273
2197.309761 0.931015
2198.312731 0.924166
2199.313734 0.919111
2200.315649 0.914735
2201.317738 0.911048
2202.319479 0.907850
2203.321725 0.904914
2204.322642 0.902352
2205.324723 0.899991
2206.325714 0.898221
2207.327636 0.896696
2208.329214 0.894934
2209.330890 0.893219
2210.333613 0.891456
2211.334890 0.889400
2212.335763 0.886784
2213.337422 0.884910
2214.338646 0.883902
2215.339744 0.883283
2216.342341 0.882174
2217.343750 0.881366
2218.345735 0.880526
2219.347734 0.879301
2220.349216 0.877761
2221.351331 0.876515
2222.351653 0.875625
2223.353026 0.874772
2224.354330 0.873452
2225.354619 0.871835
2226.356075 0.870948
2227.357659 0.870334
2228.359722 0.869663
2229.361621 0.868752
2230.363239 0.867344
2231.365395 0.866213
2232.366650 0.865120
2233.367759 0.864106
2234.369639 0.862955
2235.370531 0.862239
2236.371426 0.861661
2237.372891 0.861092
2238.374643 0.860398
2239.375709 0.859569
2240.376696 0.858535
2241.377896 0.857597
2242.380598 0.856377
2243.382619 0.854330
2244.384068 0.853028
2245.384664 0.851805
2246.386514 0.850728
2247.387633 0.849775
2248.389536 0.848976
2249.391603 0.848143
2250.393353 0.847402
2251.395635 0.846355
