3057.576130 1.032313
3058.576570 1.032309
3059.577904 1.032289
3060.578502 1.032282
3061.578648 1.032281
3062.580604 1.032249
3063.581559 1.032241
3064.583192 1.032251
3065.585060 1.032213
3066.586557 1.032208
3067.588405 1.032208
3068.590676 1.032177
3069.592625 1.032176
3070.594517 1.032171
3071.596473 1.032106
3072.597581 1.032063
3073.599093 1.032078
3074.600899 1.032113
3075.603472 1.032163
3076.603340 1.032154
3077.604535 1.032134
3078.606515 1.032113
3079.607887 1.032122
3080.609604 1.032107
3081.611367 1.032075
3082.612600 1.031989
3083.614510 1.031906
3084.615086 1.031916
3085.616449 1.031938
3086.617631 1.032010
3087.618538 1.032053
3088.620438 1.032062
3089.622217 1.032034
3090.622608 1.032011
3091.623652 1.031992
3092.625313 1.031954
3093.627245 1.031920
3094.628131 1.031911
3095.630935 1.031895
3096.632449 1.031887
3097.634919 1.031858
3098.636820 1.031846
3099.639061 1.031376
3100.640484 1.031178
3101.641819 1.031003
3102.642562 1.030845
3103.644289 1.030702
3104.645399 1.030591
3105.646923 1.030499
3106.648496 1.030403
3107.650839 1.030325
3108.652637 1.030287
3109.654154 1.030244
3110.655540 1.030158
3111.656882 1.030109
3112.657847 1.030055
3113.661240 1.030026
3114.662877 1.029961
3115.663384 1.030037
3116.664467 1.029898
3117.666934 1.029969
3118.668343 1.029824
3119.668916 1.029918
3120.671526 1.029767
3121.672896 1.029871
3122.674405 1.029714
3123.676842 1.029727
3124.678393 1.029666
3125.680732 1.029775
3126.682174 1.029644
3127.684925 1.029618
3128.686270 1.029733
3129.688370 1.029583
3130.690911 1.029561
3131.692293 1.029603
3132.693426 1.029524
3133.694432 1.029623
3134.697504 1.029483
3135.699945 1.029596
3136.700875 1.029451
3137.702803 1.029432
3138.704860 1.029475
3139.706199 1.029404
3140.708369 1.029371
3141.710903 1.029397
3142.713394 1.029335
3143.715253 1.029388
3144.717671 1.029286
3145.718846 1.029391
3146.720478 1.029231
3147.722415 1.029223
3148.724423 1.029297
3149.724824 1.029140
3150.726881 1.029097
3151.728842 1.029056
3152.730843 1.029003
3153.732856 1.028964
3154.735905 1.028914
3155.738849 1.028842
3156.740926 1.028740
3157.742953 1.028658
3158.744057 1.028552
3159.746185 1.028476
3160.748504 1.028421
3161.750904 1.028288
3162.752036 1.028253
3163.754163 1.028007
3164.754864 1.027903
3165.755660 1.027754
3166.756381 1.027609
3167.758460 1.027444
3168.760460 1.027286
3169.763691 1.027118
3170.765799 1.026924
3171.766390 1.026736
3172.767740 1.026577
3173.770457 1.026395
3174.772509 1.026239
3175.774053 1.026099
3176.775661 1.026017
3177.777526 1.026025
3178.779354 1.026002
3179.780721 1.025870
3180.782441 1.025798
3181.784785 1.025685
3182.786445 1.025582
3183.788397 1.025515
3184.789935 1.025411
3185.792757 1.025313
3186.794464 1.025176
3187.794943 1.024983
3188.796037 1.024794
3189.796486 1.024543
3190.797090 1.024266
3191.799123 1.023806
3192.800904 1.023271
3193.802756 1.022496
3194.805312 1.021385
3195.806399 1.019912
3196.808445 1.017875
3197.808416 1.015170
3198.810545 1.011615
3199.812345 1.006669
3200.814790 0.992227
3201.816119 0.986647
3202.816468 0.984056
3203.818408 0.983016
3204.820759 0.981716
3205.822413 0.979505
3206.822334 0.977233
3207.824859 0.975257
3208.826006 0.973174
3209.826910 0.971557
3210.829093 0.969954
3211.831079 0.968610
3212.833853 0.967416
3213.834583 0.965785
3214.836269 0.964168
3215.837904 0.962547
3216.839408 0.961138
3217.841145 0.960088
3218.843313 0.958622
3219.845082 0.957056
3220.847082 0.955829
3221.848264 0.954418
3222.850205 0.952252
3223.850594 0.949755
3224.850416 0.948083
3225.850425 0.946973
3226.852943 0.945653
3227.855663 0.942629
3228.857539 0.940967
3229.859310 0.940542
3230.860450 0.939579
3231.862233 0.938314
3232.864439 0.937299
3233.864756 0.936755
3234.866076 0.935883
3235.867497 0.934192
3236.869096 0.932783
3237.870297 0.931270
3238.872123 0.929789
3239.873393 0.928516
3240.875148 0.927662
3241.876267 0.926792
3242.878212 0.925869
3243.880148 0.924520
3244.882400 0.923283
3245.884670 0.921693
3246.885673 0.920710
3247.887567 0.919944
