Δx [nm]	Δy [nm]	φ [deg]	R [nm]	Δz [nm]
14,11764706	89,41176471	-81,02737339	90,51945441	-21,73832499
16,47058824	117,64705882	-82,03038961	118,79440528	-11,15169602
7,05882353	87,05882353	-85,36453657	87,34452326	15,19171400
7,05882353	101,17647059	-86,00908690	101,42240970	19,75029217
9,41176471	105,88235294	-84,92039214	106,29983057	-5,13906701
7,05882353	103,52941176	-86,09950626	103,76977445	-4,39942263
7,05882353	87,05882353	-85,36453657	87,34452326	-4,80167387
2,35294118	94,11764706	-88,56790382	94,14705423	7,50785203
16,47058824	96,47058824	-80,31121344	97,86651456	6,72821633
16,47058824	98,82352941	-80,53767779	100,18667697	-0,32986300
