Δx [nm]	Δy [nm]	φ [deg]	R [nm]	Δz [nm]
112,94117647	-25,88235294	12,90740867	115,86891532	-34,03658198
96,47058824	-18,82352941	11,04094018	98,28987564	17,51627206
89,41176471	-18,82352941	11,88865804	91,37170748	-9,26781316
112,94117647	-28,23529412	14,03624347	116,41710002	-5,69742811
98,82352941	-21,17647059	12,09475708	101,06697221	20,85987135
94,11764706	-16,47058824	9,92624551	95,54795531	20,24999016
96,47058824	-11,76470588	6,95295747	97,18530084	21,39076809
82,35294118	-11,76470588	8,13010235	83,18903308	-27,90310833
110,58823529	-21,17647059	10,84030545	112,59751637	-11,36896895
122,35294118	-18,82352941	8,74616226	123,79243706	-17,31748628
96,47058824	-16,47058824	9,68878656	97,86651456	-9,47141495
91,76470588	-9,41176471	5,85601359	92,24609781	1,85957898
87,05882353	-9,41176471	6,17017510	87,56608972	-11,63169332
105,88235294	-11,76470588	6,34019175	106,53394280	-2,13730225
101,17647059	-16,47058824	9,24611275	102,50833370	-20,59722207
112,94117647	-14,11764706	7,12501635	113,82010939	-23,40131181
96,47058824	-18,82352941	11,04094018	98,28987564	-9,63643820
94,11764706	-14,11764706	8,53076561	95,17058078	11,22664380
98,82352941	-16,47058824	9,46232221	100,18667697	8,17527672
