Δx [nm]	Δy [nm]	φ [deg]	R [nm]	Δz [nm]
296,47058824	-65,88235294	12,52880771	303,70264095	-22,29450077
301,17647059	-68,23529412	12,76556578	308,80952349	-10,43769059
296,47058824	-77,64705882	14,67639314	306,47002371	-10,12197061
294,11764706	-72,94117647	13,92834194	303,02740064	29,25676889
312,94117647	-65,88235294	11,88865804	319,80097617	13,59184065
312,94117647	-72,94117647	13,12040315	321,32941844	-15,25563224
298,82352941	-58,82352941	11,13630943	304,55821996	30,40122428
308,23529412	-61,17647059	11,22579776	314,24760475	-31,48510299
310,58823529	-70,58823529	12,80426607	318,50863546	31,73586115
303,52941176	-61,17647059	11,39532105	309,63311251	-12,91880441
301,17647059	-68,23529412	12,76556578	308,80952349	14,12259232
303,52941176	-68,23529412	12,66981426	311,10473987	36,61652271
298,82352941	-58,82352941	11,13630943	304,55821996	20,89620358
315,29411765	-63,52941176	11,39213583	321,63079265	14,59803055
308,23529412	-47,05882353	8,68041843	311,80687839	35,17478664
320,00000000	-61,17647059	10,82301123	325,79527399	7,04636633
331,76470588	-56,47058824	9,65989308	336,53639834	22,64130003
317,64705882	-56,47058824	10,08059799	322,62762020	-51,21926546
