Δx [nm]	Δy [nm]	φ [deg]	R [nm]	Δz [nm]
1441,10275689	225,56390977	-8,89585697	1458,64876969	32,95599718
1428,57142857	187,96992481	-7,49585764	1440,88480427	-4,40881887
1390,97744361	200,50125313	-8,20235424	1405,35369254	-6,92517108
1516,29072682	263,15789474	-9,84582237	1538,95732423	61,50062669
1365,91478697	225,56390977	-9,37706069	1384,41405752	-26,59093162
1441,10275689	213,03258145	-8,40891173	1456,76354865	33,03579774
1416,04010025	225,56390977	-9,05072168	1433,89282825	-66,19395447
1466,16541353	200,50125313	-7,78701795	1479,81139756	138,51176647
1453,63408521	225,56390977	-8,82037955	1471,03063567	13,96812219
1466,16541353	238,09523810	-9,22392228	1485,37212921	91,06389713
1478,69674185	263,15789474	-10,09105724	1501,93080131	64,96115343
1416,04010025	213,03258145	-8,55555824	1431,97501594	1,78448953
1428,57142857	225,56390977	-8,97262661	1446,26947832	154,81923037
1378,44611529	200,50125313	-8,27589283	1392,95170242	178,77939870
1428,57142857	200,50125313	-7,98932677	1442,57307581	59,08079875
1416,04010025	213,03258145	-8,55555824	1431,97501594	22,32315331
1428,57142857	200,50125313	-7,98932677	1442,57307581	10,29488221
1403,50877193	213,03258145	-8,63080179	1419,58435947	60,93533538
1416,04010025	225,56390977	-9,05072168	1433,89282825	11,45676563
1491,22807018	238,09523810	-9,07149758	1510,11605504	90,07558452
1441,10275689	238,09523810	-9,38151016	1460,63907189	31,20566726
1491,22807018	238,09523810	-9,07149758	1510,11605504	180,77040020
1453,63408521	187,96992481	-7,36805107	1465,73692944	42,09931119
1491,22807018	225,56390977	-8,60138486	1508,19104714	38,70320749
1478,69674185	213,03258145	-8,19806885	1493,96349859	77,40958618
1478,69674185	213,03258145	-8,19806885	1493,96349859	32,73561169
1441,10275689	213,03258145	-8,40891173	1456,76354865	-13,50310883
