Δx [nm]	Δy [nm]	φ [deg]	R [nm]	Δz [nm]
476,19047619	50,12531328	-6,00900596	478,82138282	114,81458806
438,59649123	62,65664160	-8,13010235	443,04936165	97,02076361
476,19047619	62,65664160	-7,49585764	480,29493476	1,71188319
438,59649123	50,12531328	-6,51980175	441,45150260	58,60623299
513,78446115	87,71929825	-9,68878656	521,21890584	110,02664468
476,19047619	100,25062657	-11,88865804	486,62876789	115,14921921
451,12781955	100,25062657	-12,52880771	462,13255425	26,38304603
451,12781955	62,65664160	-7,90716270	455,45819161	127,37646561
451,12781955	50,12531328	-6,34019175	453,90401695	89,89368097
488,72180451	75,18796992	-8,74616226	494,47167060	43,61370448
438,59649123	62,65664160	-8,13010235	443,04936165	81,90167794
401,00250627	75,18796992	-10,61965528	407,99049113	49,61847846
426,06516291	75,18796992	-10,00797980	432,64853388	50,57664619
476,19047619	87,71929825	-10,43747535	484,20248337	62,27654312
463,65914787	62,65664160	-7,69605172	467,87355144	80,46693538
413,53383459	50,12531328	-6,91122712	416,56065510	59,64870880
463,65914787	62,65664160	-7,69605172	467,87355144	103,31750200
451,12781955	87,71929825	-11,00354085	459,57696293	76,41976069
438,59649123	50,12531328	-6,51980175	441,45150260	-21,37460603
438,59649123	75,18796992	-9,72757855	444,99450889	-26,76422341
451,12781955	75,18796992	-9,46232221	457,35056619	47,34221358
426,06516291	62,65664160	-8,36588612	430,64762600	26,65829485
401,00250627	62,65664160	-8,88065915	405,86803861	58,75750236
413,53383459	75,18796992	-10,30484647	420,31352961	36,88465536
413,53383459	75,18796992	-10,30484647	420,31352961	24,40756280
413,53383459	62,65664160	-8,61564818	418,25361575	84,82136525
463,65914787	75,18796992	-9,21102654	469,71591013	11,58218714
438,59649123	75,18796992	-9,72757855	444,99450889	-3,95271594
426,06516291	100,25062657	-13,24051992	437,70048112	3,73161224
438,59649123	87,71929825	-11,30993247	447,28241347	69,01141406
501,25313283	62,65664160	-7,12501635	505,15399425	67,92787890
476,19047619	75,18796992	-8,97262661	482,08982611	10,61214252
