Δx [nm]	Δy [nm]	φ [deg]	R [nm]	Δz [nm]
110,29411765	778,18627451	-81,93306827	785,96352983	-104,53645286
110,29411765	741,42156863	-81,53871186	749,58037248	-65,53317592
116,42156863	747,54901961	-81,14799590	756,56032037	-42,80803032
134,80392157	790,44117647	-80,32173995	801,85369659	19,22134228
128,67647059	765,93137255	-80,46336424	776,66498668	-52,82268859
110,29411765	765,93137255	-81,80573667	773,83180333	24,87640668
128,67647059	784,31372549	-80,68291393	794,79912813	-108,05677083
116,42156863	765,93137255	-81,35719742	774,72888748	63,20086253
110,29411765	729,16666667	-81,39861514	737,46106349	-22,66054194
128,67647059	747,54901961	-80,23332060	758,54279431	-26,96606196
116,42156863	753,67647059	-81,21883727	762,61537092	-2,49313770
116,42156863	778,18627451	-81,49129668	786,84678272	194,08801888
110,29411765	772,05882353	-81,86989765	779,89718513	-7,11914959
116,42156863	778,18627451	-81,49129668	786,84678272	19,08547278
140,93137255	808,82352941	-80,11587599	821,00983764	130,74673216
134,80392157	784,31372549	-80,24757506	795,81412231	-108,79964884
122,54901961	753,67647059	-80,76444091	763,57480611	-67,18199895
134,80392157	778,18627451	-80,17227599	789,77590183	-58,78515886
128,67647059	759,80392157	-80,38788525	770,62288658	12,80580624
128,67647059	784,31372549	-80,68291393	794,79912813	57,54862731
116,42156863	772,05882353	-81,42476736	780,78730051	-68,02539483
128,67647059	747,54901961	-80,23332060	758,54279431	-92,40279904
122,54901961	759,80392157	-80,83765295	769,62345432	-73,82086321
134,80392157	772,05882353	-80,09581679	783,73906644	-14,03895623
128,67647059	759,80392157	-80,38788525	770,62288658	-187,06364646
134,80392157	765,93137255	-80,01817071	777,70364839	-0,72916599
122,54901961	765,93137255	-80,90972308	775,67333953	-55,44646978
140,93137255	796,56862745	-79,96687945	808,93957130	10,80334146
