Δx [nm]	Δy [nm]	φ [deg]	R [nm]	Δz [nm]
12,25490196	140,93137255	-85,03025927	141,46319094	-6,06718404
12,25490196	153,18627451	-85,42607874	153,67568877	28,29358134
18,38235294	140,93137255	-82,56859203	142,12516550	25,04325116
24,50980392	159,31372549	-81,25383774	161,18806909	-16,89068599
18,38235294	128,67647059	-81,86989765	129,98286419	-46,14570398
24,50980392	153,18627451	-80,90972308	155,13466791	-71,18456287
24,50980392	165,44117647	-81,57303098	167,24686353	-7,94840232
24,50980392	153,18627451	-80,90972308	155,13466791	19,49528705
24,50980392	147,05882353	-80,53767779	149,08731692	-24,42068148
24,50980392	153,18627451	-80,90972308	155,13466791	-73,44954143
24,50980392	153,18627451	-80,90972308	155,13466791	-25,84815275
24,50980392	153,18627451	-80,90972308	155,13466791	37,03969740
18,38235294	159,31372549	-83,41805534	160,37073932	-15,74587288
24,50980392	147,05882353	-80,53767779	149,08731692	-26,21283842
24,50980392	140,93137255	-80,13419306	143,04678346	30,73459972
24,50980392	140,93137255	-80,13419306	143,04678346	21,75077032
18,38235294	147,05882353	-82,87498365	148,20326743	-15,58477016
18,38235294	140,93137255	-82,56859203	142,12516550	29,91133461
12,25490196	128,67647059	-84,55966797	129,25872004	-2,47453290
24,50980392	153,18627451	-80,90972308	155,13466791	4,05000934
24,50980392	153,18627451	-80,90972308	155,13466791	-21,43511219
24,50980392	153,18627451	-80,90972308	155,13466791	-13,48971316
24,50980392	159,31372549	-81,25383774	161,18806909	-10,81488805
18,38235294	147,05882353	-82,87498365	148,20326743	-18,19459892
18,38235294	147,05882353	-82,87498365	148,20326743	13,68148687
24,50980392	177,69607843	-82,14668670	179,37844569	-15,92901801
30,63725490	177,69607843	-80,21759297	180,31787953	-31,09095360
18,38235294	134,80392157	-82,23483398	136,05149088	-13,76094486
24,50980392	165,44117647	-81,57303098	167,24686353	-56,32742525
24,50980392	147,05882353	-80,53767779	149,08731692	-60,37833257
24,50980392	147,05882353	-80,53767779	149,08731692	-77,47439985
24,50980392	165,44117647	-81,57303098	167,24686353	3,60431075
18,38235294	140,93137255	-82,56859203	142,12516550	-2,69655260
18,38235294	159,31372549	-83,41805534	160,37073932	-36,10383337
18,38235294	159,31372549	-83,41805534	160,37073932	-2,28127579
