Δx [nm]	Δy [nm]	φ [deg]	R [nm]	Δz [nm]
2929,06178490	68,64988558	-1,34262403	2929,86616529	109,80392157
-68,64988558	3272,31121281	-91,20183306	3273,03123729	58,82352941
-297,48283753	3295,19450801	-95,15855178	3308,59530379	19,60784314
3066,36155606	343,24942792	-6,38711703	3085,51346817	94,11764706
3249,42791762	274,59954233	-4,83041996	3261,01007365	168,62745098
-389,01601831	3295,19450801	-96,73292133	3318,07780320	-19,60784314
-320,36613272	3203,66132723	-95,71059314	3219,63978709	-11,76470588
3112,12814645	114,41647597	-2,10551419	3114,23068027	15,68627451
3135,01144165	114,41647597	-2,09015915	3137,09863875	39,21568627
-160,18306636	3272,31121281	-92,80245152	3276,22943157	78,43137255
-205,94965675	3226,54462243	-93,65222278	3233,11080256	19,60784314
2929,06178490	91,53318078	-1,78991061	2930,49164185	231,37254902
-91,53318078	3272,31121281	-91,60226135	3273,59114684	145,09803922
3135,01144165	205,94965675	-3,75855569	3141,76892855	121,56862745
-160,18306636	3363,84439359	-92,72631099	3367,65611651	101,96078431
3180,77803204	160,18306636	-2,88296345	3184,80886457	180,39215686
-320,36613272	3226,54462243	-95,67035734	3242,41031634	145,09803922
2997,71167048	114,41647597	-2,18580081	2999,89439636	203,92156863
-114,41647597	3272,31121281	-92,00253313	3274,31088986	105,88235294
3157,89473684	137,29977117	-2,48955292	3160,87810523	149,01960784
-251,71624714	3272,31121281	-94,39870535	3281,97832756	35,29411765
-160,18306636	3226,54462243	-92,84213788	3230,51835086	35,29411765
2677,34553776	1464,53089245	-28,67903627	3051,72571891	172,54901961
-114,41647597	3203,66132723	-92,04540849	3205,70382749	35,29411765
3020,59496568	205,94965675	-3,90049374	3027,60783586	176,47058824
