Δx [nm]	Δy [nm]	φ [deg]	R [nm]	Δz [nm]
1281,46453089	-915,33180778	35,53767779	1574,79638756	31,37254902
1395,88100686	-823,79862700	30,54757175	1620,84174526	35,29411765
1441,64759725	-961,09839817	33,69006753	1732,64477768	-7,84313725
1304,34782609	-915,33180778	35,05942697	1593,47280170	145,09803922
1395,88100686	-938,21510297	33,90627699	1681,88327918	82,35294118
1350,11441648	-938,21510297	34,79602628	1644,09747796	86,27450980
1304,34782609	-1006,86498856	37,66562120	1647,75615811	-70,58823529
1487,41418764	-778,03203661	27,61302782	1678,61097804	19,60784314
1418,76430206	-961,09839817	34,11447295	1713,65173701	-3,92156863
1395,88100686	-915,33180778	33,25436657	1669,22619907	31,37254902
1327,23112128	-961,09839817	35,90972308	1638,67403112	125,49019608
1395,88100686	-961,09839817	34,54836706	1694,75482483	0,00000000
1487,41418764	-1052,63157895	35,28674898	1822,20586285	-19,60784314
1441,64759725	-1006,86498856	34,93093730	1758,44388590	-94,11764706
915,33180778	1418,76430206	-57,17145821	1688,40885544	-70,58823529
869,56521739	1464,53089245	-59,30027745	1703,23057812	-125,49019608
823,79862700	1372,99771167	-59,03624347	1601,17672170	-23,52941176
961,09839817	1510,29748284	-57,52880771	1790,16999685	90,19607843
892,44851259	1441,64759725	-58,24051992	1695,52709866	-43,13725490
961,09839817	1510,29748284	-57,52880771	1790,16999685	109,80392157
869,56521739	1487,41418764	-59,68878677	1722,94649740	-66,66666667
983,98169336	1533,18077803	-57,30801582	1821,77475858	27,45098039
983,98169336	1464,53089245	-56,10383344	1764,38961338	11,76470588
938,21510297	1510,29748284	-58,15094868	1777,98933240	-90,19607843
892,44851259	1441,64759725	-58,24051992	1695,52709866	129,41176471
800,91533181	1441,64759725	-60,94539590	1649,18560611	-117,64705882
983,98169336	1510,29748284	-56,91514707	1802,55886438	-70,58823529
915,33180778	1510,29748284	-58,78159724	1766,02117909	-137,25490196
