Δx [nm]	Δy [nm]	φ [deg]	R [nm]	Δz [nm]
0,00000000	3232,81061520	-90,00000000	3232,81061520	35,29411765
3088,05790109	-48,25090470	0,89517371	3088,43483827	58,82352941
2943,30518697	24,12545235	-0,46962702	2943,40406012	243,13725490
-48,25090470	3184,55971049	-90,86805145	3184,92522667	113,72549020
3063,93244873	-24,12545235	0,45113855	3064,02742936	94,11764706
-241,25452352	3160,43425814	-94,36525774	3169,62907059	23,52941176
3112,18335344	48,25090470	-0,88823550	3112,55736898	243,13725490
-144,75271411	3281,06151990	-92,52611691	3284,25304227	11,76470588
3232,81061520	24,12545235	-0,42757251	3232,90063429	86,27450980
-144,75271411	3256,93606755	-92,54480438	3260,15120759	70,58823529
3015,68154403	96,50180941	-1,83283951	3017,22517791	-50,98039216
-120,62726176	3232,81061520	-92,13691085	3235,06034102	23,52941176
-265,37997587	3208,68516285	-94,72798782	3219,64081939	35,29411765
3112,18335344	96,50180941	-1,77604425	3113,67914606	172,54901961
-168,87816647	3232,81061520	-92,99034498	3237,21860690	11,76470588
3112,18335344	0,00000000	0,00000000	3112,18335344	215,68627451
-96,50180941	3329,31242461	-91,66028237	3330,71070792	90,19607843
3015,68154403	48,25090470	-0,91665426	3016,06752657	66,66666667
-337,75633293	3281,06151990	-95,87739261	3298,40022402	-125,49019608
3160,43425814	0,00000000	0,00000000	3160,43425814	262,74509804
-241,25452352	3353,43787696	-94,11490910	3362,10489720	35,29411765
2605,54885404	1785,28347407	-34,41836448	3158,49994674	215,68627451
-144,75271411	3232,81061520	-92,56377021	3236,04972489	-11,76470588
3160,43425814	24,12545235	-0,43736387	3160,52633868	227,45098039
-144,75271411	3256,93606755	-92,54480438	3260,15120759	117,64705882
3039,80699638	96,50180941	-1,81830296	3041,33838539	145,09803922
-241,25452352	3353,43787696	-94,11490910	3362,10489720	-82,35294118
2967,43063932	120,62726176	-2,32781509	2969,88140091	219,60784314
