Δx [nm]	Δy [nm]	φ [deg]	R [nm]	Δz [nm]
1447,52714113	-940,89264174	33,02386756	1726,44541981	105,88235294
1399,27623643	-820,26537998	30,37912601	1621,97696637	7,84313725
1375,15078408	-965,01809409	35,05942697	1679,97011904	54,90196078
1399,27623643	-916,76718938	33,23171107	1672,85267294	23,52941176
1351,02533172	-892,64173703	33,45330945	1619,28339634	47,05882353
1302,77442702	-868,51628468	33,69006753	1565,73999900	-3,92156863
1375,15078408	-989,14354644	35,72739822	1693,94351571	-15,68627451
1423,40168878	-989,14354644	34,79602628	1733,34281753	-70,58823529
1351,02533172	-940,89264174	34,85445557	1646,37432264	-82,35294118
1326,89987937	-844,39083233	32,47119229	1572,78707001	-54,90196078
1302,77442702	-892,64173703	34,41836448	1579,24997337	39,21568627
1278,64897467	-892,64173703	34,91940201	1559,40773088	-3,92156863
1375,15078408	-965,01809409	35,05942697	1679,97011904	-54,90196078
1399,27623643	-892,64173703	32,53506716	1659,75397470	-54,90196078
892,64173703	1423,40168878	-57,90740867	1680,14333862	-133,33333333
844,39083233	1471,65259349	-60,15406805	1696,69008179	-35,29411765
796,13992762	1447,52714113	-61,18920626	1652,02106787	66,66666667
892,64173703	1471,65259349	-58,76078511	1721,21196446	-86,27450980
820,26537998	1447,52714113	-60,46121774	1663,78187209	0,00000000
868,51628468	1471,65259349	-59,45242825	1708,82471093	-15,68627451
892,64173703	1447,52714113	-58,33924890	1700,63049926	-58,82352941
1013,26899879	1544,02895054	-56,72511202	1846,81874152	98,03921569
940,89264174	1447,52714113	-56,97613244	1726,44541981	7,84313725
844,39083233	1423,40168878	-59,32271998	1655,01306501	-86,27450980
892,64173703	1471,65259349	-58,76078511	1721,21196446	23,52941176
892,64173703	1471,65259349	-58,76078511	1721,21196446	-125,49019608
916,76718938	1399,27623643	-56,76828893	1672,85267294	101,96078431
916,76718938	1326,89987937	-55,35905249	1612,80047415	39,21568627
