Δx [nm]	Δy [nm]	φ [deg]	R [nm]	Δz [nm]
4930,81761006	-3245,28301887	33,35144393	5902,95046365	341,17647059
4654,08805031	-3320,75471698	35,50837049	5717,33744591	27,45098039
4729,55974843	-3320,75471698	35,07375449	5778,93998103	282,35294118
3169,81132075	5157,23270440	-58,42369611	6053,49097435	243,13725490
3119,49685535	5157,23270440	-58,83117713	6027,29705572	286,27450980
4855,34591195	-3295,59748428	34,16695361	5868,16382722	129,41176471
4981,13207547	-3295,59748428	33,48926538	5972,65766068	286,27450980
3371,06918239	5106,91823899	-56,57125691	6119,20920808	172,54901961
3270,44025157	5257,86163522	-58,11799253	6192,00197143	152,94117647
4981,13207547	-3371,06918239	34,08887162	6014,63084368	278,43137255
