Δx [nm]	Δy [nm]	φ [deg]	R [nm]	Δz [nm]
3165,82914573	-2035,17587940	32,73522627	3763,56414055	98,03921569
3115,57788945	-2135,67839196	34,43000878	3777,29371099	266,66666667
1984,92462312	3316,58291457	-59,10011834	3865,18408212	74,50980392
1984,92462312	3366,83417085	-59,47842924	3908,38817078	-15,68627451
2035,17587940	3341,70854271	-58,65764251	3912,66620663	62,74509804
2110,55276382	3341,70854271	-57,72435569	3952,39787386	-254,90196078
3065,32663317	-2035,17587940	33,58155292	3679,42498606	-105,88235294
3165,82914573	-2135,67839196	34,00372742	3818,84751906	-58,82352941
3115,57788945	-2085,42713568	33,79656513	3749,11081771	250,98039216
3115,57788945	-2085,42713568	33,79656513	3749,11081771	266,66666667
2010,05025126	3391,95979899	-59,34933204	3942,80272022	-11,76470588
1959,79899497	3341,70854271	-59,60981943	3873,99381584	-215,68627451
2110,55276382	3366,83417085	-57,91781284	3973,66396452	-203,92156863
3090,45226131	-1934,67336683	32,04723549	3646,07408259	62,74509804
