Δx [nm]	Δy [nm]	φ [deg]	R [nm]	Δz [nm]
3069,18238994	-1937,10691824	32,25797134	3629,36134263	94,11764706
3018,86792453	-1987,42138365	33,35824240	3614,33359029	145,09803922
2037,73584906	3345,91194969	-58,65764251	3917,58779935	-168,62745098
1962,26415094	3320,75471698	-59,42077313	3857,18712126	11,76470588
2012,57861635	3320,75471698	-58,78159724	3883,02518371	0,00000000
2037,73584906	3396,22641509	-59,03624347	3960,64657008	-266,66666667
-3245,28301887	2138,36477987	-146,61852435	3886,44642371	211,76470588
-3220,12578616	2238,99371069	-145,18862801	3922,02790852	-184,31372549
-3094,33962264	2188,67924528	-144,72757855	3790,15231079	219,60784314
-3094,33962264	2238,99371069	-144,11135704	3819,42803791	-7,84313725
2037,73584906	3446,54088050	-59,40668516	4003,87455242	50,98039216
2037,73584906	3371,06918239	-58,84797762	3939,09568594	-74,50980392
1987,42138365	3345,91194969	-59,29032508	3891,65395831	-94,11764706
3119,49685535	-2113,20754717	34,11447295	3767,87828465	231,37254902
