Δx [nm]	Δy [nm]	φ [deg]	R [nm]	Δz [nm]
5000,00000000	-3190,95477387	32,54565070	5931,45786202	239,21568627
5000,00000000	-3341,70854271	33,75645890	6013,90189348	43,13725490
4924,62311558	-3341,70854271	34,15969455	5951,38041255	160,78431373
3241,20603015	5201,00502513	-58,06931790	6128,28440930	262,74509804
3140,70351759	5251,25628141	-59,11694170	6118,79981029	156,86274510
4698,49246231	-3291,45728643	35,01257842	5736,68218457	188,23529412
4698,49246231	-3316,58291457	35,21759297	5751,13498778	145,09803922
3241,20603015	5075,37688442	-57,43713454	6022,03180404	94,11764706
3190,95477387	5175,87939698	-58,34596627	6080,45392228	227,45098039
4673,36683417	-3391,95979899	35,97238705	5774,57780662	27,45098039
