Δx [nm]	Δy [nm]	φ [deg]	R [nm]	Δz [nm]
1635,22012579	-1308,17610063	38,65980825	2094,10352419	54,90196078
1610,06289308	-1182,38993711	36,29262973	1997,58566351	192,15686275
1710,69182390	-1132,07547170	33,49518467	2051,35598812	274,50980392
1610,06289308	-1056,60377358	33,27488798	1925,80218455	-7,84313725
1685,53459119	-1081,76100629	32,69198418	2002,80646415	168,62745098
1710,69182390	-1106,91823899	32,90524292	2037,58055158	-31,37254902
1660,37735849	-1081,76100629	33,08485293	1981,68106599	156,86274510
1735,84905660	-1081,76100629	31,93068210	2045,33098105	50,98039216
1710,69182390	-1157,23270440	34,07719528	2065,34598760	94,11764706
1710,69182390	-1106,91823899	32,90524292	2037,58055158	156,86274510
1710,69182390	-1157,23270440	34,07719528	2065,34598760	290,19607843
1735,84905660	-1106,91823899	32,52489029	2058,74717611	86,27450980
1710,69182390	-1157,23270440	34,07719528	2065,34598760	215,68627451
1735,84905660	-1056,60377358	31,32869287	2032,13766307	168,62745098
1610,06289308	-1132,07547170	35,11201118	1968,22188620	82,35294118
1685,53459119	-1358,49056604	38,86777750	2164,83797919	254,90196078
