Δx [nm]	Δy [nm]	φ [deg]	R [nm]	Δz [nm]
2314,46540881	-1735,84905660	36,86989765	2893,08176101	-192,15686275
2238,99371069	-1660,37735849	36,55963472	2787,46225250	243,13725490
2415,09433962	-1408,80503145	30,25643716	2795,96357020	156,86274510
2314,46540881	-1433,96226415	31,78091509	2722,68211578	98,03921569
2289,30817610	-1484,27672956	32,95742486	2728,37118719	-54,90196078
2339,62264151	-1610,06289308	34,53466157	2840,09447455	11,76470588
2415,09433962	-1459,11949686	31,13897244	2821,65029289	160,78431373
2339,62264151	-1408,80503145	31,05427112	2731,03748076	-58,82352941
2440,25157233	-1534,59119497	32,16439051	2882,67200214	-160,78431373
2415,09433962	-1584,90566038	33,27488798	2888,70327683	-203,92156863
2465,40880503	-1534,59119497	31,90015692	2903,99908946	50,98039216
2339,62264151	-1610,06289308	34,53466157	2840,09447455	3,92156863
2364,77987421	-1685,53459119	35,47997813	2903,99908946	50,98039216
2314,46540881	-1761,00628931	37,26640190	2908,24573919	-19,60784314
2289,30817610	-1534,59119497	33,83511982	2756,06641082	121,56862745
2339,62264151	-1735,84905660	36,57303098	2913,24665141	-86,27450980
