4486.671024 83.668130 12.338440 0.999700
4487.667072 83.626310 12.338540 0.999700
4488.661592 83.582020 12.337150 0.999700
4489.658423 83.532030 12.333930 0.999700
4490.657111 83.476040 12.331920 0.999700
4491.679167 83.418030 12.328110 0.999700
4492.676930 83.356960 12.321570 0.999700
4493.670930 82.596260 12.244550 0.999700
4494.665587 81.504350 12.267960 0.999700
4495.659170 80.628980 12.190800 0.999700
4496.655407 78.733770 12.050310 0.999700
4497.653416 75.706560 11.848270 0.999700
4498.652109 71.966520 11.592820 0.999700
4499.659946 67.802700 11.256580 0.999700
4500.661654 63.189240 10.917850 0.999700
4501.671664 58.909590 10.612380 0.999700
4502.667482 55.373670 10.247730 0.999700
4503.663480 52.450660 9.889880 0.999700
4504.665474 49.797630 9.507280 0.999700
4505.660366 47.371340 9.111840 0.999700
4506.655590 45.044700 8.677670 0.999700
4507.651063 42.840430 7.779500 0.999700
4508.665562 40.439710 5.400680 0.999700
4509.662887 35.922660 0.800480 0.999700
4510.662659 22.588880 1.223040 0.999700
4511.698089 21.116630 0.000310 0.999700
4512.707683 21.084750 0.000090 0.999700
4513.705417 20.977620 0.747550 0.999700
4514.717839 20.913990 0.000200 0.999700
4515.712328 20.933030 1.810450 0.999700
4516.724401 20.939170 6.865440 0.999700
4517.734686 20.922030 0.000410 0.999700
4518.733380 20.917350 0.000330 0.999700
4519.739900 20.836140 0.066610 0.999700
4520.737757 20.765170 0.000280 0.999700
4521.750941 20.753820 0.123970 0.999700
4522.760908 20.721400 0.014970 0.999700
4523.759534 20.721610 -0.004840 0.999700
4524.789345 20.677700 -0.000540 0.999700
4525.783497 20.663700 0.000130 0.999700
4526.779228 20.656820 -1.617490 0.999700
4527.786771 20.642390 -0.030950 0.999700
4528.785445 20.630750 -0.301150 0.999700
4529.781074 20.634860 1.012050 0.999700
4530.781575 20.632960 -0.767490 0.999700
4531.779036 20.624010 0.015720 0.999700
4532.805185 20.617380 0.068270 0.999700
4533.814127 20.612780 0.000710 0.999700
4534.841650 20.612730 -0.417940 0.999700
4535.837991 20.605270 0.545850 0.984600
4536.832357 20.602400 -0.709510 0.989900
4537.859177 20.603480 -0.005210 0.999700
4538.854247 20.600080 -0.000180 0.999700
4539.849774 20.599550 0.000250 0.999700
4540.847522 20.596120 0.000480 0.999700
4541.856322 20.594110 0.000510 0.999700
4542.853656 20.597870 0.000650 0.999700
4543.851519 20.599480 0.001120 0.999700
4544.847198 20.593750 0.001140 0.999700
4545.846897 20.598490 0.002130 0.999700
4546.864896 20.599370 0.001260 0.999700
4547.863060 20.597510 -0.000010 0.999700
4548.863856 20.594060 -0.000200 0.999700
4549.861591 20.596660 -0.001600 0.999700
4550.857013 20.596130 0.000380 0.999700
4551.851981 20.601620 0.002200 0.999700
4552.850855 20.617870 0.001610 0.999700
4553.858895 20.611820 0.000470 0.999700
4554.868027 20.610740 -0.000880 0.999700
4555.867415 20.588990 0.000190 0.999700
4556.879465 20.603550 0.000290 0.999700
4557.880825 20.602710 0.000080 0.999700
4558.878270 20.602510 0.000220 0.999700
4559.872325 20.607520 -0.000060 0.999700
4560.880018 20.611290 -0.000010 0.999600
4561.905617 20.615510 -0.000740 0.999600
4562.902892 20.611160 -0.000310 0.999700
4563.911600 20.617160 -0.000070 0.999700
4564.921391 20.619040 -0.000300 0.999700
4565.917452 20.624070 -0.006010 0.999700
4566.931771 20.627480 0.000120 0.999700
4567.928627 20.626510 -0.000960 0.999700
4568.926709 20.642720 0.000920 0.999700
4569.922167 20.638690 0.000140 0.999700
4570.931681 20.638090 -0.000120 0.999700
4571.933597 20.641110 -0.000270 0.999700
4572.927171 20.642850 -0.000260 0.999700
4573.943911 20.652260 -0.000300 0.999700
4574.940318 20.660910 0.003250 0.999700
4575.936767 20.655820 -0.000220 0.999700
4576.959497 20.681740 -0.000080 0.999700
4577.957183 20.697450 -0.000070 0.999700
4578.956976 20.676030 0.000930 0.999700
4579.957539 20.690720 -0.000060 0.999700
4580.958256 20.694500 -0.000570 0.999700
4581.954172 20.691410 -0.000780 0.999700
4582.951066 20.686250 -0.000770 0.999700
4583.949390 20.680400 -0.000930 0.999700
4584.962331 20.663700 -0.001010 0.999700
4585.957121 20.686740 -0.001130 0.999700
4586.968168 20.682670 -0.001130 0.999700
4587.977027 20.673200 -0.001300 0.999700
4588.977118 20.677600 -0.001230 0.999700
4589.988592 20.687350 -0.001240 0.999700
4590.985526 20.688090 -0.001300 0.999700
4591.994883 20.688720 -0.001170 0.999700
4593.022293 20.694460 -0.001270 0.999700
4594.019208 20.691850 -0.000910 0.999700
4595.019597 20.692570 -0.001190 0.999700
4596.013362 20.710710 -0.001080 0.999700
4597.021045 20.689900 -0.001160 0.999700
4598.017655 20.693810 -0.001150 0.999700
4599.020668 20.678250 -0.001090 0.999700
4600.040890 20.691910 -0.001100 0.999700
4601.043349 20.668260 -0.001120 0.999700
4602.047323 20.723500 -0.001410 0.999700
4603.057538 20.730700 -0.001520 0.999700
4604.054033 20.733960 -0.001350 0.999700
4605.054930 20.743480 -0.001150 0.999700
4606.051547 20.733850 -0.001440 0.999700
4607.055840 20.778890 -0.001410 0.999700
4608.066694 20.714610 -0.001080 0.999700
4609.063857 20.754350 -0.001300 0.999700
4610.076230 20.730710 -0.001190 0.999700
4611.074760 20.822450 -0.000780 0.999700
4612.082357 20.726010 -0.001270 0.999700
4613.083921 20.807850 -0.001090 0.999700
4614.093575 20.766670 -0.001130 0.999700
4615.090092 20.737770 -0.000840 0.999700
4616.104274 20.829420 -0.000510 0.999700
4617.099104 20.819290 -0.000870 0.999700
4618.093674 20.753310 -0.000780 0.999700
4619.101888 20.809780 -0.000760 0.999700
4620.098327 20.812570 -0.000560 0.999700
4621.112666 20.829100 -0.000450 0.999700
4622.111227 20.793130 -0.000480 0.999700
4623.119003 20.828370 -0.000260 0.999700
4624.115190 20.813670 -0.000370 0.999700
4625.112385 20.840530 -0.000420 0.999700
4626.110063 20.840840 -0.000640 0.999700
4627.106901 20.828180 -0.001190 0.999700
4628.106922 20.882680 -0.003350 0.999700
4629.105172 20.705400 -0.005030 0.999700
4630.130758 20.775760 -0.010020 0.999700
4631.139284 20.859920 -0.016530 0.999700
4632.136993 20.789480 -0.021280 0.999700
4633.133076 20.817810 -0.025740 0.999700
4634.131532 20.873210 -0.030880 0.999700
4635.129020 20.878600 -0.032470 0.999700
4636.125479 20.955170 -0.037780 0.999700
4637.133116 21.106620 -0.038610 0.999700
4638.127011 21.101290 -0.034260 0.999700
4639.125298 21.109750 -0.031670 0.999700
4640.123816 21.119430 -0.030440 0.999700
4641.131651 21.147950 -0.028890 0.999700
4642.140847 20.838690 -0.031700 0.999700
4643.143876 20.876540 -0.029990 0.999700
4644.141401 20.825920 -0.028910 0.999700
4645.153505 20.849040 -0.028600 0.999700
4646.151953 20.854030 -0.026720 0.999700
4647.147599 21.168860 -0.025350 0.999700
4648.161468 21.293800 -0.023210 0.999700
4649.170459 21.566790 -0.021740 0.999700
4650.169978 21.943450 -0.081100 0.999700
4651.181670 22.200490 0.116430 0.999700
4652.183807 22.117470 0.065460 0.999700
4653.187758 23.675240 -0.016620 0.999700
4654.198716 24.806750 -0.052810 0.999700
4655.195458 25.691160 0.389110 0.999700
4656.207796 26.264160 1.161720 0.999700
4657.205112 27.034420 -0.010640 0.999700
4658.213917 27.397030 0.419500 0.999700
4659.224128 27.738890 0.649330 0.999700
4660.221047 28.127620 -3.396430 0.999700
4661.215446 28.525140 0.828460 0.999700
4662.217780 28.904000 0.009400 0.999700
4663.213828 29.225680 0.015240 0.999700
4664.224081 29.489980 0.023650 0.999700
4665.234787 29.784780 -1.334220 0.999700
4666.231216 30.039750 -0.890560 0.999700
4667.231143 30.233570 0.266740 0.999700
4668.249031 30.432590 -0.095430 0.999700
4669.276963 30.616430 -3.097060 0.999700
4670.273533 30.788200 0.114990 0.999700
4671.287369 30.945010 0.133460 0.999700
4672.283503 31.101250 -0.050810 0.999700
4673.279534 31.209620 -0.400130 0.999700
4674.303192 31.327490 -0.016750 0.999700
4675.329522 31.484510 0.674480 0.999700
4676.326920 31.659750 0.185780 0.999700
4677.335626 31.846540 2.176600 0.999700
4678.345733 32.039650 4.847150 0.999700
4679.343928 32.237740 2.193890 0.999700
4680.355653 32.438960 0.446450 0.999700
4681.353087 32.644050 0.503480 0.999700
4682.348040 32.845430 -3.047670 0.999700
4683.354747 33.046120 -0.938380 0.999700
4684.351959 33.248160 -2.894120 0.999700
4685.364828 33.443450 -1.924730 0.999700
4686.386846 33.641650 0.862020 0.999700
4687.396954 33.836200 -1.793570 0.999700
4688.394266 34.028370 -0.139490 0.999700
4689.406783 34.218610 1.122430 0.999700
4690.402910 34.409360 0.559870 0.999700
4691.399644 34.593060 1.314690 0.999700
4692.423786 34.777870 1.409960 0.999700
4693.421519 34.966100 1.513500 0.999700
4694.433214 35.148210 -4.266260 0.999700
4695.428936 35.334160 1.287690 0.999700
4696.423498 35.514670 1.846020 0.999700
4697.417320 35.692940 -0.172650 0.999700
4698.434022 35.864980 2.244010 0.999700
4699.429279 36.041820 0.779270 0.999700
4700.425397 36.187840 4.539130 0.999700
4701.421027 36.350790 2.875810 0.999700
4702.415776 36.528150 5.957900 0.999700
4703.411273 36.714130 1.618570 0.999700
4704.407786 36.900710 3.236590 0.999700
4705.404062 37.090350 3.069750 0.999700
4706.417585 37.280850 3.254910 0.999700
4707.413874 37.475580 -1.792230 0.999700
4708.424072 37.665280 -0.798650 0.999700
4709.434021 37.859090 -1.030820 0.999700
4710.433006 38.051710 4.380270 0.999700
4711.429292 38.238870 5.765660 0.999700
4712.427675 38.423790 4.661440 0.999700
4713.426377 38.608960 -0.586310 0.999700
4714.434090 38.793090 5.757960 0.999700
4715.444818 38.977390 6.093010 0.999700
4716.443042 39.154410 6.233550 0.999700
4717.453699 39.324220 2.509240 0.999700
4718.452543 39.500670 -0.521880 0.999700
4719.453749 39.675660 6.713040 0.999700
4720.449994 39.850090 6.830700 0.999700
4721.472848 40.021050 6.932550 0.999700
4722.468736 40.195440 7.025200 0.999700
4723.482084 40.365780 7.104760 0.999700
4724.478118 40.539960 7.178590 0.999700
4725.473269 40.710280 7.243340 0.999700
4726.469623 40.880220 -0.939400 0.999700
4727.465097 41.048920 -0.442110 0.999700
4728.462515 41.217190 7.406720 0.999700
4729.474395 41.384930 7.453880 0.999700
4730.471378 41.555330 7.499040 0.999700
4731.466960 41.721900 7.540840 0.999700
4732.490134 41.887450 1.214360 0.999700
4733.485921 42.057250 7.619870 0.999700
4734.501495 42.221560 7.656260 0.999700
4735.496036 42.388680 7.690970 0.999700
4736.491883 42.550710 7.722230 0.999700
4737.491277 42.710610 -4.150840 0.999700
4738.501472 42.869210 7.780230 0.999700
4739.498916 43.028060 7.808480 0.999700
4740.498578 43.183630 7.834960 0.999700
4741.515607 43.339030 0.112730 0.999700
4742.513177 43.496240 7.888440 0.999700
4743.514735 43.649920 7.921120 0.999700
4744.535762 43.804450 7.948710 0.999700
4745.530995 43.963120 7.975860 0.999700
4746.526865 44.117630 8.003810 0.999700
4747.521613 44.272800 8.090860 0.999700
4748.523220 44.427650 10.109350 0.999700
4749.544078 44.582420 -1.848720 0.999700
4750.539759 44.740410 8.109960 0.999700
4751.535254 44.893900 -2.236310 0.999700
4752.530903 45.046550 -0.895400 0.999700
4753.527707 45.198360 -1.077100 0.999700
4754.521892 45.350520 8.209780 0.999700
4755.531891 45.501730 8.233440 0.999700
4756.529790 45.656020 8.259100 0.999700
4757.527334 45.807170 8.282510 0.999700
4758.526921 45.958780 8.308170 0.999700
4759.537224 46.110380 8.333960 0.999700
4760.533986 46.262590 6.027650 0.999700
4761.546502 46.412070 1.574150 0.999700
4762.544842 46.563710 -2.654130 0.999700
4763.553255 46.712980 7.605400 0.999700
4764.563272 46.863630 2.649300 0.999700
4765.558410 47.014100 8.474160 0.999700
4766.551615 47.161060 8.494890 0.999700
4767.556723 47.307090 8.517420 0.999700
4768.552013 47.454060 8.538530 0.999700
4769.547202 47.599660 8.560080 0.999700
4770.555586 47.745160 8.582160 0.999700
4771.553925 47.893270 8.604970 0.999700
4772.565616 48.039840 8.626140 0.999700
4773.563184 48.188780 8.646920 0.999700
4774.559376 48.334040 8.665980 0.999700
4775.563012 48.477550 8.684370 0.999700
4776.561938 48.619680 8.702400 0.999700
4777.573927 48.758780 5.244400 0.999700
4778.569924 48.899110 8.582670 0.999700
4779.565289 49.035250 8.803590 0.999700
4780.572824 49.170600 10.103450 0.999700
4781.573643 49.306640 0.853420 0.999700
4782.582234 49.441050 8.807670 0.999700
4783.580526 49.575980 8.491280 0.999700
4784.575426 49.709330 8.848410 0.999700
4785.580573 49.842020 4.828280 0.999700
4786.579598 49.976370 -3.427030 0.999700
4787.576962 50.109980 3.193820 0.999700
4788.574470 50.242770 9.912480 0.999700
4789.569741 50.375010 8.153940 0.999700
4790.581184 50.506550 4.407360 0.999700
4791.590852 50.640100 5.693810 0.999700
4792.592035 50.772290 8.980760 0.999700
4793.587052 50.902810 9.095010 0.999700
4794.584590 51.032290 8.231320 0.999700
4795.583232 51.161410 9.031310 0.999700
4796.591239 51.290480 9.422350 0.999700
4797.601467 51.420450 8.961210 0.999700
