681,584212 13,687200
682,586397 13,682540
683,587607 13,674960
684,588611 13,664320
685,589697 13,629240
686,591163 13,584240
687,593721 13,522750
688,594588 13,449390
689,595621 13,364190
690,597600 13,239120
691,598689 13,100140
692,599786 12,981570
693,601952 12,877960
694,603756 12,784990
695,605096 12,710590
696,606665 12,642340
697,607609 12,579460
698,608639 12,545290
699,609650 12,515610
700,610840 12,485290
701,614550 12,451190
702,615662 12,429680
703,616777 12,407620
704,618190 12,368920
705,619836 12,336600
