1413,740624 0,940924
1414,741662 0,940087
1415,742927 0,939929
1416,744240 0,940266
1417,744593 0,940190
1418,746343 0,939381
1419,748205 0,937231
1420,750640 0,934852
1421,752579 0,932783
1422,754198 0,930791
1423,754612 0,928210
1424,756495 0,925345
1425,757618 0,922474
1426,758511 0,919263
1427,760310 0,914582
1428,761588 0,908795
1429,762681 0,903398
1430,764239 0,897905
1431,765814 0,892644
1432,767252 0,887752
1433,769281 0,882808
1434,770660 0,878472
1435,772130 0,874494
1436,773830 0,870515
1437,774975 0,865897
1438,775558 0,860637
1439,776632 0,854853
1440,777674 0,849284
1441,778793 0,844419
1442,780712 0,839426
1443,782206 0,834868
1444,784611 0,831516
1445,786026 0,828166
1446,787717 0,824075
1447,788749 0,816977
1448,790740 0,813043
1449,792650 0,809308
1450,794362 0,803157
1451,796666 0,796492
1452,797867 0,789983
