2389,210567 0,805630
2390,212269 0,810395
2391,214099 0,814813
2392,214335 0,818934
2393,216001 0,822801
2394,217549 0,826251
2395,218677 0,829889
2396,220159 0,833311
2397,222237 0,836610
2398,222782 0,839584
2399,224137 0,842680
2400,225529 0,845628
2401,226818 0,848622
2402,227727 0,851443
2403,229758 0,853339
2404,232010 0,855069
2405,233855 0,857275
2406,235033 0,859910
2407,237426 0,862643
2408,239424 0,865167
2409,241450 0,867687
2410,243082 0,870280
2411,244027 0,872615
2412,245762 0,874942
2413,247657 0,877184
2414,249291 0,879335
2415,251397 0,881456
2416,253381 0,883557
2417,255510 0,885490
2418,256421 0,887383
2419,257468 0,889180
2420,258967 0,891008
2421,260179 0,893126
2422,261576 0,895085
2423,263458 0,897114
2424,264236 0,910698
2425,266262 0,932050
2426,267289 0,953104
2427,269334 0,971779
2428,271486 0,987590
2429,273854 1,018665
2430,275379 1,030591
2431,277396 1,030578
2432,279846 1,030602
2433,281786 1,030514
2434,283629 1,030515
2435,285309 1,030461
2436,286285 1,030361
2437,287167 1,030312
2438,290079 1,030285
2439,291687 1,030192
2440,292675 1,030149
2441,294929 1,029858
2442,296178 1,029858
2443,297702 1,029887
2444,298899 1,029896
2445,300612 1,029884
2446,301692 1,029960
2447,304021 1,030021
2448,304443 1,030032
2449,306167 1,030001
2450,307371 1,029969
2451,308906 1,029864
2452,310894 1,029921
2453,312825 1,029809
2454,315009 1,029845
2455,317077 1,029885
2456,319441 1,029872
2457,321953 1,029858
2458,322856 1,029813
2459,323351 1,029815
2460,325342 1,029805
2461,327175 1,029797
2462,329822 1,029816
2463,332389 1,029788
2464,333268 1,029771
2465,333448 1,029753
2466,335711 1,029722
2467,336852 1,029684
2468,339651 1,029642
2469,341199 1,029635
2470,343181 1,029643
2471,345375 1,029612
2472,348108 1,029553
2473,349041 1,029510
2474,350982 1,029485
2475,351869 1,029447
2476,353584 1,029384
2477,356035 1,029351
2478,357592 1,029297
2479,359636 1,029280
2480,361119 1,029238
2481,363359 1,029183
2482,365267 1,029049
2483,366682 1,028900
2484,367727 1,028660
2485,368506 1,028380
2486,369368 1,027985
2487,371916 1,027697
2488,373595 1,027515
2489,375807 1,027570
2490,376937 1,027488
2491,379216 1,027283
2492,381344 1,027121
2493,383215 1,027066
2494,383704 1,027003
2495,384063 1,027002
2496,385186 1,027048
2497,385775 1,027021
2498,386651 1,026844
2499,388136 1,026560
2500,390054 1,026317
2501,391602 1,026047
2502,393228 1,026018
2503,395399 1,025853
2504,397781 1,025660
2505,399242 1,025521
2506,401240 1,025508
2507,402950 1,025455
2508,403741 1,025370
2509,404971 1,025336
2510,407266 1,025148
2511,409057 1,024858
2512,411551 1,024756
2513,412262 1,024679
2514,414160 1,024713
2515,414602 1,024541
2516,417765 1,024300
2517,419237 1,023607
2518,421221 1,022905
2519,423792 1,022284
2520,425316 1,021585
2521,427447 1,021076
2522,429239 1,020493
2523,431622 1,020323
2524,432650 1,019961
2525,433897 1,019702
2526,436226 1,019303
2527,437904 1,018459
2528,440373 1,017535
2529,442411 1,016475
2530,444769 1,015061
2531,446572 1,013056
2532,447363 1,009734
2533,449333 1,003594
2534,450081 0,986496
2535,451128 0,974533
2536,451067 0,968136
2537,452210 0,964590
2538,453215 0,962424
2539,455003 0,960412
2540,457219 0,958144
2541,459190 0,955537
2542,461222 0,952678
2543,463620 0,949902
2544,465568 0,946222
2545,467326 0,943349
2546,469149 0,941020
2547,471307 0,938274
2548,472788 0,936506
2549,473916 0,933976
2550,475044 0,932177
2551,477186 0,930798
2552,479683 0,929607
2553,481623 0,928906
2554,482989 0,928000
2555,485109 0,927166
2556,486789 0,925241
2557,489212 0,923898
2558,491156 0,923780
2559,493193 0,919843
2560,495297 0,918884
2561,495800 0,914660
2562,497649 0,908906
2563,498708 0,900372
2564,500925 0,895232
2565,502129 0,895482
2566,503680 0,893852
2567,505177 0,894300
2568,507209 0,894898
2569,509575 0,894696
2570,511257 0,893319
2571,513612 0,890619
2572,514675 0,888607
2573,516795 0,887787
2574,517710 0,886936
2575,518728 0,886456
2576,520107 0,886175
2577,521589 0,885239
2578,523022 0,883911
2579,524228 0,882954
