2718,322926 0,810214
2719,324537 0,813997
2720,325740 0,817704
2721,327022 0,821204
2722,328449 0,824221
2723,329081 0,826700
2724,331177 0,829120
2725,331984 0,831555
2726,333987 0,834334
2727,335635 0,837517
2728,336970 0,840716
2729,339281 0,843941
2730,341412 0,846887
2731,341762 0,849704
2732,344188 0,852374
2733,345089 0,854891
2734,345725 0,857395
2735,346899 0,859873
2736,349096 0,862570
2737,350028 0,865246
2738,351079 0,867806
2739,351194 0,870266
2740,351832 0,872490
2741,353973 0,874690
2742,355220 0,876821
2743,357636 0,878961
2744,358938 0,881228
2745,360552 0,883417
2746,361612 0,885613
2747,362723 0,887721
2748,363634 0,889906
2749,364786 0,891956
2750,365632 0,893748
2751,367101 0,895471
2752,369148 0,897145
2753,371184 0,898524
2754,372837 0,900203
2755,374914 0,901881
2756,376491 0,903753
2757,377768 0,905689
2758,379773 0,907599
2759,380947 0,909431
2760,383324 0,911136
2761,383804 0,912567
2762,385235 0,913942
2763,386932 0,915237
2764,388909 0,916686
2765,391030 0,918156
2766,392183 0,920371
2767,394887 0,932889
2768,395874 0,954954
2769,398249 0,974221
2770,400493 0,986377
2771,401375 0,992503
2772,403232 0,995282
2773,404893 0,996857
2774,405757 0,997759
2775,406864 0,998261
2776,407497 0,996795
2777,408992 0,994640
2778,409835 0,993255
2779,412581 0,992195
2780,414430 0,993770
2781,414890 0,994426
2782,416623 0,994227
2783,417757 0,993148
2784,419722 0,991891
2785,420974 0,991245
2786,422814 0,990515
2787,424621 0,988819
2788,426799 0,988601
2789,427835 0,988990
2790,429728 0,989114
2791,430980 0,988664
2792,432913 0,987627
2793,434213 0,986615
2794,435242 0,984657
2795,436895 0,982740
2796,439623 0,981357
2797,441842 0,979987
2798,443750 0,979142
2799,444922 0,977904
2800,447249 0,975779
2801,448588 0,972978
2802,450304 0,969854
2803,451267 0,966241
2804,453268 0,962396
2805,456193 0,958651
2806,458128 0,955750
2807,460588 0,953188
2808,461927 0,950800
2809,463030 0,947865
2810,463684 0,944390
2811,465367 0,940181
2812,467026 0,936974
2813,469175 0,933317
2814,470028 0,931489
2815,470965 0,929806
2816,472990 0,925897
2817,474816 0,922011
2818,477234 0,922024
2819,477738 0,921631
2820,479149 0,919203
2821,479593 0,916131
2822,481646 0,914048
2823,483666 0,911537
2824,484854 0,910992
2825,486929 0,909878
2826,488386 0,909254
2827,490704 0,906711
2828,492115 0,903932
2829,492655 0,899269
2830,494213 0,900538
2831,496608 0,901529
2832,498926 0,902170
2833,500135 0,901175
2834,502609 0,901945
2835,504653 0,901273
2836,506313 0,900257
2837,506792 0,898364
2838,508292 0,896409
2839,508686 0,894008
2840,510397 0,892154
2841,511435 0,889913
2842,513769 0,888845
2843,514813 0,888862
2844,516652 0,888324
