32,709963 109,791800 8,839400 0,600000
33,706455 109,791800 8,839420 0,600000
34,702446 109,791400 8,839310 0,600000
35,696065 109,791600 8,839430 0,600000
36,709234 109,791000 8,839410 0,600000
37,713396 109,791200 8,839370 0,600000
38,709845 109,790600 8,839400 0,600000
39,711724 109,790900 8,839340 0,600000
40,707349 109,790700 8,839390 0,600000
41,717600 109,790300 8,839400 0,600000
42,727378 109,790400 8,839300 0,600000
43,723306 109,790200 8,839320 0,600000
44,719793 109,790000 8,839320 0,600000
45,718641 109,789700 8,839320 0,600000
46,726148 109,789900 8,839360 0,600000
47,736075 109,789600 8,839310 0,600000
48,732765 109,788900 8,839340 0,600000
49,728129 109,788600 8,839370 0,600000
50,726766 109,788300 8,839400 0,600000
51,721872 109,788300 8,839360 0,600000
52,719919 109,788200 8,839340 0,600000
53,728410 109,787800 8,839380 0,600000
54,722268 109,787700 8,839400 0,600000
55,738428 109,787900 8,839370 0,600000
56,733310 109,787600 8,839380 0,600000
57,728803 109,787100 8,839320 0,600000
58,737330 109,787300 8,839370 0,600000
59,731639 109,787000 8,839440 0,600000
60,746634 109,787200 8,839350 0,600000
61,743896 109,786900 8,839280 0,600000
62,737105 109,786900 8,839260 0,600000
63,744676 109,786300 8,839370 0,600000
64,742613 109,786200 8,839420 0,600000
65,755728 109,786000 8,839690 0,600000
66,751005 109,785100 8,840490 0,600000
67,761759 109,785000 8,840790 0,600000
68,771182 109,781700 8,841320 0,600000
69,765474 109,775400 8,841360 0,600000
70,781903 109,765000 8,838960 0,600000
71,777282 109,748500 8,836910 0,600000
72,771983 109,718900 8,832630 0,600000
73,780663 109,683200 8,830190 0,600000
74,805861 109,647200 8,826810 0,600000
75,804436 109,598800 8,824950 0,600000
76,812826 109,546000 8,822480 0,600000
77,822255 109,486000 8,822240 0,600000
78,819075 109,416300 8,818120 0,600000
79,833029 109,335900 8,813680 0,600000
80,829063 109,248700 8,810560 0,600000
81,823375 109,160200 8,805900 0,600000
82,819996 109,065000 8,799790 0,600000
83,820040 108,963200 8,795090 0,600000
84,817478 108,857900 8,788870 0,600000
85,825393 108,751900 8,783760 0,600000
86,820957 108,637900 8,776820 0,600000
87,815670 108,526100 8,769200 0,600000
88,840838 108,409800 8,763350 0,600000
89,839866 108,288600 8,757450 0,600000
90,851648 108,169800 8,750900 0,600000
91,846693 108,049300 8,745950 0,600000
92,857679 107,927000 8,741120 0,600000
93,867739 107,801700 8,735090 0,600000
94,865664 107,675600 8,729050 0,600000
95,877618 107,546000 8,722820 0,600000
96,872914 107,413900 8,716310 0,600000
97,868527 107,282800 8,710050 0,600000
98,876797 107,149200 8,703090 0,600000
99,873242 107,014700 8,695830 0,600000
100,885635 106,876600 8,688720 0,600000
101,882009 106,733600 8,681400 0,600000
102,877992 106,589200 8,674240 0,600000
103,883149 106,445100 8,667750 0,600000
104,883307 106,302100 8,659970 0,600000
105,895224 106,167200 8,651720 0,600000
106,892640 106,034100 8,643030 0,600000
107,889134 105,773400 8,627410 0,600000
108,893656 104,733200 8,595880 0,600000
109,892883 103,134300 8,551770 0,600000
110,903402 101,403400 8,501250 0,600000
111,900694 99,750790 8,443370 0,600000
112,898255 98,360450 8,375590 0,600000
113,919941 96,959590 8,305350 0,600000
114,945335 95,516100 8,233260 0,600000
115,939686 94,166110 8,167300 0,600000
116,936967 93,389370 8,105040 0,600000
117,943216 92,724670 8,033150 0,600000
118,942559 92,414740 7,884530 0,600000
119,954654 92,418320 7,892450 0,600000
120,949717 92,464210 7,841930 0,600000
121,945214 92,675940 7,814760 0,600000
122,952523 92,829640 7,763180 0,600000
123,950034 92,953370 7,763600 0,600000
124,962832 93,143380 7,742050 0,600000
125,957978 93,272550 7,705560 0,600000
126,953280 93,344760 7,679770 0,600000
127,957579 93,290080 7,655150 0,600000
128,958097 93,152450 7,630330 0,600000
129,955166 93,114620 7,603910 0,600000
130,955067 93,057450 7,579750 0,600000
131,949015 92,911740 7,554520 0,600000
132,945707 92,756740 7,530880 0,600000
133,941971 92,578520 7,505690 0,600000
134,942994 92,406710 7,484250 0,599900
135,964112 92,243230 7,461290 0,600000
136,960210 92,031270 7,440780 0,600000
137,969748 91,825990 7,419980 0,600000
138,979552 91,587390 7,401000 0,600000
139,975606 91,353290 7,381800 0,600000
140,972410 91,111910 7,365380 0,600000
141,967988 90,846530 7,347010 0,600000
142,978491 90,568020 7,330720 0,600000
143,987096 90,327070 7,313800 0,600000
144,981983 90,040020 7,296580 0,600000
145,980586 89,769320 7,278780 0,600000
146,978073 89,479760 7,262970 0,600000
147,986632 89,160210 7,244190 0,600000
148,997086 88,843960 7,226550 0,600000
149,993143 88,544480 7,207580 0,600000
150,988737 88,231770 7,188900 0,600000
151,985750 87,924720 7,170010 0,600000
152,995361 87,626020 7,152690 0,600000
154,005195 87,326190 7,135430 0,600000
155,002964 87,024380 7,118570 0,600000
156,015681 86,717230 7,101790 0,600000
157,013251 86,433910 7,087080 0,600000
158,021501 86,145280 7,073380 0,600000
159,031934 85,852170 7,058350 0,600000
160,028473 85,574540 7,044850 0,600000
161,023943 85,301790 7,030470 0,600000
162,021316 85,010560 7,015850 0,600000
163,030264 84,716250 7,000830 0,600000
164,039297 84,343740 6,983210 0,600000
165,035618 84,045460 6,968170 0,600000
166,037137 83,765130 6,952990 0,600000
167,037109 83,457270 6,933190 0,600000
168,038750 82,999060 6,907930 0,600000
169,043680 81,553090 6,869630 0,600000
170,038634 79,187380 6,818360 0,600000
171,041389 76,849390 6,761520 0,600000
172,039011 74,417960 6,702700 0,600000
173,047284 72,222500 6,649080 0,600000
174,057811 70,250860 6,567560 0,600000
175,054092 68,865590 6,490320 0,600000
176,049283 67,436920 6,410060 0,600000
177,048095 65,976310 6,334510 0,600000
178,041358 64,377950 6,238650 0,600000
179,039485 62,731410 6,157740 0,600000
180,049433 61,007220 6,059340 0,600000
181,046866 59,443390 5,927450 0,600000
182,059582 57,948620 5,840350 0,600000
183,081997 55,885110 5,705390 0,600000
184,093780 53,826930 5,588280 0,600000
185,113789 50,844450 5,292930 0,600000
186,109899 47,227000 4,850880 0,600000
187,124443 44,591980 4,153600 0,600000
188,134774 41,136340 3,399670 0,600000
189,133138 39,653310 3,235250 0,600000
190,144716 38,726240 1,193530 0,600000
191,141797 38,248060 3,166440 0,600000
192,150811 36,127020 -0,030660 0,600000
193,160824 34,930060 0,001980 0,600000
194,158740 33,526570 -0,001930 0,600000
195,158131 26,364180 0,002090 0,600000
196,152041 29,243040 0,000660 0,600000
197,147711 21,541930 -5,612920 0,600000
198,143859 21,709040 -5,916590 0,600000
199,153164 21,669280 -1,130840 0,600000
200,149319 21,327220 -5,019760 0,600000
201,163471 21,655000 -0,087000 0,600000
202,160755 21,426170 2,556040 0,600000
203,155729 21,228740 2,300470 0,600000
204,161170 21,133830 -4,601620 0,600000
205,157751 21,551260 2,303130 0,600000
206,171540 21,408150 0,011810 0,600000
207,169609 21,326790 -0,069480 0,600000
208,167698 21,425110 0,003210 0,600000
209,169074 21,335670 3,213310 0,600000
210,167614 21,178600 0,000630 0,600000
211,175516 21,240620 -5,841500 0,600000
212,171613 20,946450 5,483390 0,600000
213,186677 21,208540 -2,173500 0,600000
214,195739 21,133930 -0,509920 0,600000
215,193712 21,181800 -1,791130 0,600000
216,207041 21,214510 0,901460 0,600000
217,203865 21,212150 -0,166520 0,575800
218,199623 21,146040 -1,584620 0,600000
219,204856 21,098560 0,557890 0,600000
220,201838 21,238550 -0,012400 0,600000
221,215207 21,090030 -0,010070 0,600000
222,237407 21,094740 0,000770 0,600000
223,247894 21,171010 4,402760 0,600000
224,243397 21,039680 -0,005500 0,600000
225,243897 21,040920 -0,750480 0,600000
226,241543 21,003090 0,590510 0,600000
227,246167 21,031840 0,000440 0,600000
228,255781 21,018990 0,000610 0,600000
229,254605 20,941310 0,000530 0,600000
230,250375 20,964480 0,001290 0,600000
231,249536 20,895610 -0,000150 0,600000
232,243022 20,866120 0,000590 0,600000
233,239631 20,854340 0,001730 0,600000
234,246988 20,917780 0,000570 0,600000
235,247068 20,951000 0,000570 0,600000
236,258328 20,952460 -0,098610 0,600000
237,255539 20,826840 0,001220 0,600000
238,251938 20,918370 0,190140 0,600000
239,257719 20,828340 0,463890 0,600000
240,254851 20,850260 -0,051070 0,600000
241,266903 20,768120 0,003640 0,600000
242,289477 20,766360 0,007650 0,600000
243,299714 20,756570 -0,624010 0,600000
244,297271 20,751820 2,143560 0,600000
245,309986 20,724390 -0,004230 0,600000
246,309017 20,723670 0,527180 0,600000
247,307699 20,717770 0,001620 0,600000
248,306990 20,711200 0,000570 0,600000
249,302864 20,712070 0,000840 0,600000
250,313013 20,701490 0,000010 0,600000
251,309692 20,694610 0,000260 0,600000
252,306073 20,700010 -0,000250 0,600000
253,311467 20,685240 -0,000270 0,600000
254,307766 20,697410 -0,000530 0,600000
255,326291 20,695010 -0,000270 0,600000
256,321850 20,690130 -0,000810 0,600000
257,317809 20,690820 -0,000590 0,600000
258,312930 20,685930 -0,000740 0,600000
259,313174 20,692830 -0,001410 0,600000
260,310997 20,687430 -0,001100 0,600000
261,318528 20,687870 -0,001360 0,600000
262,315235 20,689820 -0,001300 0,600000
263,310924 20,698130 -0,001240 0,600000
264,335351 20,687000 -0,001310 0,600000
265,332949 20,689340 -0,001310 0,600000
266,331355 20,682940 -0,001340 0,600000
267,327446 20,682620 -0,001350 0,600000
268,323066 20,685210 -0,001640 0,600000
269,343703 20,686480 -0,001550 0,600000
270,338842 20,685300 -0,001290 0,600000
271,335664 20,681710 -0,000470 0,600000
272,332478 20,678700 -0,000620 0,600000
273,330777 20,685650 -0,000600 0,600000
274,351795 20,687550 -0,001200 0,600000
275,348673 20,685690 -0,000320 0,600000
276,356765 20,679450 -0,000910 0,600000
277,353810 20,684750 -0,001850 0,600000
278,350508 20,682830 -0,002600 0,600000
279,348306 20,681480 -0,002240 0,600000
280,349565 20,678830 -0,002590 0,600000
281,370289 20,688060 -0,003020 0,600000
282,365579 20,701320 -0,002220 0,600000
283,360290 20,703620 -0,002350 0,600000
284,356475 20,700130 -0,003060 0,600000
285,352303 20,706650 -0,003230 0,600000
286,349831 20,702950 -0,001330 0,600000
287,348931 20,701930 -0,002460 0,600000
288,345950 20,700570 -0,002890 0,600000
289,351283 20,702960 -0,001600 0,600000
290,361495 20,705480 0,000170 0,600000
291,357767 20,707450 0,000200 0,600000
292,358509 20,708510 0,000070 0,600000
293,356060 20,706030 -0,002770 0,600000
294,359574 20,712070 0,001580 0,600000
295,369676 20,711510 0,000820 0,600000
296,395538 20,703870 0,000970 0,600000
297,392803 20,710750 0,000440 0,600000
298,402331 20,713750 0,001500 0,600000
299,413366 20,712880 0,002130 0,600000
300,408839 20,720120 0,000490 0,600000
301,423011 20,718580 0,001950 0,600000
302,419832 20,723430 0,001470 0,600000
303,428722 20,732870 -0,000240 0,600000
304,438225 20,736070 -0,001080 0,600000
305,433432 20,724530 0,000030 0,600000
306,449181 20,727540 0,001980 0,600000
307,447747 20,721430 0,001210 0,600000
308,454840 20,722180 0,001120 0,600000
309,464745 20,719150 0,002060 0,600000
310,463455 20,729880 0,000950 0,600000
311,475203 20,726080 0,001440 0,600000
312,470940 20,720240 0,003280 0,600000
313,481438 20,722680 0,002080 0,600000
314,490956 20,732940 0,001560 0,600000
315,487694 20,722940 0,000400 0,600000
316,488327 20,731820 0,002310 0,600000
317,486877 20,720770 0,002550 0,600000
318,483494 20,723760 0,001780 0,600000
319,478853 20,725830 0,002670 0,600000
320,482954 20,729870 0,001160 0,600000
321,479762 20,734880 0,001900 0,600000
322,493348 20,727640 0,001020 0,600000
323,489621 20,727580 0,001040 0,600000
324,485158 20,728960 0,000630 0,600000
325,491650 20,733780 0,002330 0,600000
326,518889 20,725900 0,002460 0,600000
327,520252 20,731280 0,000510 0,600000
328,524828 20,727320 0,001740 0,600000
329,534773 20,738680 0,003160 0,600000
330,533002 20,733360 0,000850 0,600000
331,544699 20,736160 -0,001170 0,600000
332,543271 20,737870 -0,001670 0,600000
333,551142 20,734960 -0,000110 0,600000
334,547993 20,733400 0,000100 0,600000
335,544960 20,736490 0,001100 0,600000
336,540420 20,740680 0,001140 0,600000
337,555174 20,736830 0,002080 0,600000
338,551670 20,734620 0,001130 0,600000
339,561320 20,733250 -0,001200 0,600000
340,570875 20,737820 0,000190 0,600000
341,566796 20,742220 0,001530 0,600000
342,581410 20,747530 0,000520 0,600000
343,577572 20,762450 0,002090 0,600000
344,572945 20,756010 0,000270 0,600000
345,580172 20,744440 0,000930 0,600000
346,577736 20,755440 0,001710 0,600000
347,589373 20,770150 0,001680 0,600000
348,585428 20,759810 0,001220 0,600000
349,579977 20,764690 0,001960 0,600000
350,587092 20,780280 0,001140 0,600000
351,583552 20,788860 -0,001360 0,600000
352,598359 20,811530 0,000260 0,600000
353,596266 20,825250 0,000590 0,600000
354,604536 20,761930 -0,000060 0,600000
355,614492 20,790460 -0,000440 0,600000
356,612956 20,832510 0,000320 0,600000
357,624891 20,835500 0,000300 0,600000
358,621339 20,847890 0,000440 0,600000
359,631084 20,831630 0,000270 0,600000
360,640952 20,838610 0,002840 0,600000
361,639127 20,786940 0,003120 0,600000
362,651078 20,830490 0,000840 0,600000
363,647675 20,864010 0,000830 0,600000
364,657108 20,861640 0,001610 0,600000
365,667120 20,879400 0,002130 0,600000
366,669978 20,894250 0,001840 0,600000
367,677186 20,877310 0,001880 0,600000
368,673782 20,902270 0,001630 0,600000
369,670698 20,943520 0,003050 0,600000
370,675656 21,116770 0,002980 0,600000
371,674815 21,819390 0,002740 0,600000
372,704088 24,853160 0,002900 0,600000
373,700771 25,984090 0,002890 0,600000
374,695612 26,469810 0,002780 0,600000
375,700884 26,289850 0,003070 0,600000
376,700235 26,073320 0,002810 0,600000
377,695565 25,747130 0,002770 0,600000
378,696263 26,165280 0,004180 0,600000
379,693511 26,140610 0,004500 0,600000
380,702201 27,035340 0,004500 0,600000
381,712455 27,511520 0,004800 0,600000
382,710574 27,778390 0,007110 0,600000
383,709272 27,951090 0,012470 0,600000
384,703169 28,227330 0,014340 0,600000
385,710996 28,468600 0,015650 0,600000
386,718927 28,685390 0,013430 0,600000
387,714517 28,870460 0,010330 0,600000
388,713046 29,053330 0,008170 0,600000
389,708633 29,237990 0,006480 0,600000
390,719068 29,430420 0,005020 0,600000
391,729502 29,631210 0,003520 0,600000
392,723916 29,847390 0,002160 0,600000
393,720850 30,079940 0,001050 0,600000
394,715850 30,317920 -0,000100 0,600000
395,727841 30,562690 -0,000400 0,600000
396,738777 30,806720 -0,001580 0,600000
397,733338 31,040290 -0,001670 0,600000
398,748262 31,265610 -0,001570 0,600000
399,743247 31,492460 -0,000520 0,600000
400,754140 31,712560 -0,000620 0,600000
401,781006 31,929220 -0,000480 0,600000
402,778766 32,149690 -0,001460 0,600000
403,779266 32,354700 1,617630 0,600000
404,796912 32,557240 0,001510 0,600000
405,794634 32,763940 -0,000540 0,600000
406,789617 32,960650 -0,001310 0,600000
407,783503 33,157120 -1,015580 0,600000
408,782687 33,350960 0,001900 0,600000
409,781641 33,547400 -0,249100 0,600000
410,789079 33,740860 -0,000420 0,600000
411,798179 33,939450 -0,001350 0,600000
412,795602 34,140080 -0,000990 0,600000
413,795647 34,336940 -0,001390 0,600000
414,793138 34,539500 -0,001620 0,600000
415,797308 34,733090 -0,073920 0,600000
416,807262 34,934040 0,094030 0,600000
417,803602 35,130770 -3,240150 0,600000
418,799954 35,322150 0,769140 0,600000
419,797357 35,511960 0,125370 0,600000
420,806073 35,700130 1,708340 0,600000
421,815483 35,886180 1,378280 0,600000
422,812046 36,070030 -0,002630 0,600000
423,826181 36,248860 0,010740 0,600000
424,824504 36,431080 -0,002400 0,600000
425,832383 36,606780 -0,070840 0,600000
426,842849 36,783880 -2,205670 0,600000
427,838960 36,957240 0,061790 0,600000
428,839028 37,129350 0,115370 0,600000
429,836653 37,306420 0,212450 0,600000
430,840900 37,483060 0,358450 0,600000
431,850784 37,662020 0,466390 0,600000
432,846702 37,841050 0,810610 0,600000
433,843499 38,017650 1,095650 0,600000
434,841094 38,191580 1,401550 0,600000
435,849293 38,365580 1,721450 0,600000
436,859591 38,539430 2,047510 0,600000
437,856696 38,712050 2,343720 0,600000
438,856558 38,876900 3,526380 0,600000
439,849931 39,044160 3,000920 0,600000
440,845534 39,206470 3,064850 0,600000
441,842022 39,367330 3,257070 0,600000
442,851960 39,526890 3,423910 0,600000
443,849690 39,685650 3,572030 0,600000
444,861907 39,840630 3,688760 0,600000
445,859638 39,995150 3,798450 0,600000
446,854913 40,148160 3,934730 0,600000
447,860826 40,299280 3,955720 0,600000
448,857214 40,450860 4,035810 0,600000
449,870104 40,599890 4,086030 0,600000
450,865437 40,751030 2,481470 0,600000
451,861593 40,898120 4,196630 0,600000
452,868827 41,044900 4,242410 0,600000
453,867352 41,194390 4,269080 0,600000
454,878996 41,340530 4,319220 0,600000
455,901196 41,488410 4,964640 0,600000
456,911096 41,635170 4,385710 0,600000
457,908594 41,779100 4,411940 0,600000
458,921161 41,920220 4,438260 0,600000
459,918827 42,062570 4,463430 0,600000
460,916981 42,200530 4,488480 0,600000
461,938132 42,337780 4,509050 0,600000
462,934379 42,479370 4,531330 0,600000
463,947301 42,616850 4,552720 0,600000
464,942187 42,756420 4,573940 0,600000
465,937888 42,892610 4,593880 0,600000
466,945575 43,029500 4,613290 0,600000
467,943492 43,168420 2,930640 0,600000
468,955368 43,303590 4,649660 0,600000
469,950889 43,440210 4,667930 0,600000
470,945647 43,574810 4,685610 0,600000
471,953587 43,708600 4,703070 0,600000
472,952558 43,843740 4,721920 0,600000
473,964896 43,976500 4,734470 0,600000
474,958852 44,110580 3,754470 0,600000
475,953957 44,242330 4,675910 0,600000
476,962736 44,373530 4,779980 0,600000
477,961488 44,505770 2,367790 0,600000
478,972987 44,635450 2,997650 0,600000
479,968757 44,765930 4,822110 0,600000
480,965567 44,893240 2,513750 0,600000
481,972034 45,020190 4,911160 0,600000
482,969482 45,147550 4,861300 0,600000
483,981218 45,273530 4,873640 0,600000
484,978739 45,401040 4,918040 0,600000
485,977367 45,525800 4,900010 0,600000
486,980088 45,649980 2,621520 0,600000
487,978897 45,775260 5,025570 0,600000
488,985199 45,900030 3,060770 0,600000
489,981413 46,025800 4,944680 0,600000
490,980707 46,150170 4,956040 0,600000
491,988152 46,275550 5,012380 0,600000
492,986766 46,401050 4,979800 0,600000
493,998621 46,525430 4,990940 0,600000
494,995108 46,650900 4,497560 0,600000
495,991496 46,773540 1,365950 0,600000
496,997358 46,896320 0,049890 0,600000
497,994588 47,020270 0,000660 0,600000
499,006829 47,143640 0,092170 0,600000
500,003192 47,269580 4,975820 0,600000
500,999758 47,392880 0,014200 0,600000
502,006764 47,516120 0,153850 0,600000
503,003970 47,640460 5,421660 0,600000
504,015925 47,764060 5,428170 0,600000
505,037987 47,889950 5,150880 0,600000
506,047543 48,014040 5,159930 0,600000
507,045471 48,134970 4,689730 0,600000
508,058003 48,253740 -0,268230 0,600000
509,055333 48,374480 -0,020680 0,600000
510,051043 48,493550 -1,832330 0,600000
511,056667 48,612000 3,664350 0,600000
512,054494 48,730610 0,483520 0,600000
513,066284 48,848820 -0,035180 0,600000
514,063608 48,969090 2,130120 0,600000
515,060747 49,085530 3,664360 0,600000
516,064729 49,201560 1,131440 0,600000
517,063376 49,316460 4,663530 0,600000
518,075140 49,430210 11,670330 0,600000
519,072775 49,545920 5,779190 0,600000
520,081060 49,660850 5,161990 0,600000
521,090625 49,777870 5,154500 0,600000
522,089652 49,895870 5,251980 0,600000
523,084160 50,012580 5,234680 0,600000
524,102669 50,128980 5,189060 0,600000
525,098714 50,246340 5,318320 0,600000
526,094696 50,358830 5,191680 0,600000
527,091393 50,469930 5,033290 0,600000
528,089174 50,579440 5,013680 0,600000
529,111776 50,688410 3,095520 0,600000
530,107565 50,798920 5,418810 0,600000
531,117877 50,906390 3,989530 0,600000
532,127565 51,014940 4,491530 0,600000
533,153958 51,123660 5,361480 0,600000
534,150739 51,234290 5,385690 0,600000
535,146749 51,342340 5,391390 0,600000
536,170705 51,449540 5,399390 0,600000
537,165506 51,560980 5,407960 0,600000
538,180152 51,668980 5,416250 0,600000
539,175392 51,780390 1,893410 0,600000
540,170398 51,890520 0,237690 0,600000
541,168649 52,002250 0,955470 0,600000
542,167785 52,114500 5,436620 0,600000
543,188958 52,227210 5,461050 0,600000
544,185368 52,341220 0,455270 0,600000
545,181537 52,450790 2,552580 0,600000
546,204864 52,558700 0,066550 0,600000
547,200560 52,666820 -0,202950 0,600000
548,197188 52,771000 3,981900 0,600000
549,191992 52,874040 -2,009500 0,600000
550,188001 52,976380 -0,484990 0,600000
551,182721 53,078630 -0,224370 0,600000
552,179441 53,181010 4,883320 0,600000
553,173237 53,283560 0,881170 0,600000
554,171635 53,386630 1,239350 0,600000
555,168910 53,490470 -0,476970 0,600000
556,178180 53,594790 5,557410 0,600000
557,188707 53,698700 0,309290 0,600000
558,183442 53,802450 5,443620 0,600000
559,179866 53,904740 3,701380 0,600000
560,178860 54,006630 5,403450 0,600000
561,186365 54,108360 5,591880 0,600000
562,196793 54,208900 5,599540 0,600000
563,191092 54,309620 5,606740 0,600000
564,188939 54,409350 5,614010 0,600000
565,187528 54,510700 5,620710 0,600000
566,195062 54,611670 5,004600 0,600000
567,204372 54,713720 5,672400 0,600000
568,198295 54,815230 5,640470 0,600000
569,196838 54,914100 5,647060 0,600000
570,195741 55,013180 4,103590 0,600000
571,203494 55,112330 5,659790 0,599900
572,213841 55,212230 5,646940 0,600000
573,209346 55,311800 5,673830 0,600000
574,205167 55,409210 5,972400 0,600000
575,203910 55,506650 5,378830 0,600000
576,212090 55,604860 5,693940 0,600000
577,222146 55,703750 5,700320 0,600000
578,218507 55,802680 5,702610 0,600000
579,214280 55,900090 5,713910 0,600000
580,211936 55,996950 5,738950 0,600000
581,220291 56,093170 5,725630 0,600000
582,230481 56,190250 5,731950 0,600000
583,226602 56,287140 5,741450 0,600000
584,222718 56,383050 5,745890 0,600000
585,221086 56,478400 5,752650 0,600000
586,217885 56,573630 5,759370 0,600000
587,212762 56,668590 5,765900 0,600000
588,222123 56,762730 5,772350 0,600000
589,219096 56,857710 5,779020 0,600000
590,232835 56,950470 5,786050 0,600000
591,229428 57,044820 5,791460 0,600000
