3939,085667 99,048830 13,807430 0,999600
3940,081055 98,989630 13,801840 0,999600
3941,079970 98,924900 13,795160 0,999600
3942,076952 98,853610 13,788020 0,999600
3943,089108 98,775780 13,779880 0,999600
3944,085484 98,691660 13,771820 0,999600
3945,095812 98,604930 13,762580 0,999600
3946,105740 98,512700 13,754210 0,999600
3947,104097 98,417300 13,745220 0,999600
3948,110968 98,320810 13,736400 0,999600
3949,110455 98,220590 13,727920 0,999600
3950,109063 98,119620 13,720680 0,999600
3951,123708 98,017300 13,713240 0,999600
3952,133038 97,911260 13,704740 0,999600
3953,131416 97,804470 13,696390 0,999600
3954,128766 97,697670 13,687950 0,999600
3955,127578 97,589830 13,678680 0,999600
3956,125815 97,481090 13,670420 0,999600
3957,134103 97,373450 13,660160 0,999600
3958,130004 97,263820 13,651000 0,999600
3959,145560 97,153850 13,640560 0,999600
3960,142974 97,040070 13,628600 0,999600
3961,137761 96,923590 13,617150 0,999600
3962,132120 96,802090 13,605270 0,999600
3963,144286 96,676860 13,593310 0,999600
3964,140321 96,544500 13,580950 0,999600
3965,137016 96,411430 13,566310 0,999600
3966,132967 94,391120 13,513480 0,999600
3967,134619 92,301640 13,438550 0,999600
3968,152690 90,857900 13,347070 0,999600
3969,150019 90,699730 13,269280 0,999600
3970,146977 91,579460 13,217040 0,999600
3971,141071 92,320320 13,181030 0,999600
3972,156241 90,781780 13,123260 0,999600
3973,152093 90,194410 13,073530 0,999600
3974,162695 89,855120 13,017290 0,999600
3975,172404 89,425440 12,978200 0,999600
3976,171472 89,515730 12,913510 0,999600
3977,183353 89,364460 12,885550 0,999600
3978,178004 88,922020 12,843530 0,999600
3979,189243 87,328310 12,790180 0,999600
3980,198029 86,618010 12,731690 0,999600
3981,194622 86,528570 12,678430 0,999600
3982,209522 86,647580 12,629120 0,999600
3983,208507 87,075180 12,589330 0,999600
3984,215674 86,804130 12,546340 0,999600
3985,223990 86,830210 12,505260 0,999600
3986,221754 86,556370 12,464200 0,999600
3987,222386 86,726560 12,429290 0,999600
3988,220137 86,573280 12,391490 0,999600
3989,224117 86,305720 12,351640 0,999600
3990,218501 86,318300 12,316520 0,999600
3991,217576 85,976610 12,280200 0,999600
3992,213956 85,659430 12,244880 0,999600
3993,227916 85,557310 12,212090 0,999600
3994,224083 85,414730 12,177390 0,999600
3995,234138 85,321180 12,145390 0,999600
3996,244198 85,259950 12,117870 0,999600
3997,242326 85,058410 12,090150 0,999600
3998,238326 84,805380 12,062490 0,999600
3999,238122 84,616610 12,034020 0,999600
4000,235007 84,356970 12,005280 0,999600
4001,244268 84,030440 11,976690 0,999600
4002,254859 83,806020 11,946650 0,999600
4003,255706 83,607440 11,917990 0,999600
4004,264216 83,298290 11,888380 0,999600
4005,260182 83,042350 11,857030 0,999600
4006,255795 82,746580 11,827960 0,999600
4007,261907 82,430660 11,794620 0,999600
4008,261602 81,960130 11,761270 0,999600
4009,286046 81,243710 11,723980 0,999600
4010,282907 80,627960 11,694950 0,999600
4011,281890 80,033640 11,657640 0,999600
4012,288801 79,582970 11,616960 0,999600
4013,287935 78,833570 11,573710 0,999600
4014,282394 78,713720 11,534600 0,999600
4015,283701 78,554520 11,494440 0,999600
4016,278357 78,451200 11,457360 0,999600
4017,289505 78,476330 11,422150 0,999600
4018,299547 78,395660 11,390890 0,999600
4019,297310 78,232550 11,361020 0,999600
4020,309875 78,048260 11,335870 0,999600
4021,311242 77,823640 11,311710 0,999600
4022,333673 77,627710 11,289460 0,999600
4023,343400 77,365510 11,264270 0,999600
4024,338014 76,984300 11,240250 0,999600
4025,336037 76,607030 11,216650 0,999600
4026,332908 76,296070 11,191440 0,999600
4027,342282 75,992670 11,166090 0,999600
4028,353034 75,703590 11,137400 0,999600
4029,378228 75,443220 11,109080 0,999600
4030,376608 75,132480 11,081780 0,999600
4031,384553 74,837770 11,055040 0,999600
4032,386439 74,452880 11,026790 0,999600
4033,396947 74,155330 11,000620 0,999600
4034,392250 73,846280 10,974190 0,999600
4035,406379 73,544200 10,947340 0,999600
4036,402922 73,224100 10,919600 0,999600
4037,412593 72,885190 10,894090 0,999600
4038,422620 72,510710 10,867250 0,999600
4039,425711 72,141510 10,838920 0,999600
4040,432500 71,780440 10,811530 0,999700
4041,426910 71,461930 10,780740 0,999600
4042,439245 71,222840 10,753650 0,999700
4043,466796 70,923370 10,722700 0,999600
4044,462865 70,651190 10,701730 0,999600
4045,477670 70,410390 10,676600 0,999600
4046,475667 70,131800 10,651900 0,999600
4047,483485 69,830120 10,629530 0,999600
4048,493471 69,601120 10,605500 0,999600
4049,492197 69,331520 10,582190 0,999600
4050,488515 69,091500 10,407760 0,999600
4051,504949 68,840580 10,539860 0,999600
4052,502914 68,592340 10,516400 0,999600
4053,511478 68,373340 10,866180 0,999600
4054,521511 68,129270 10,480950 0,999600
4055,520395 67,904340 10,461900 0,999600
4056,514010 67,667790 10,403300 0,999600
4057,514943 67,401320 10,423870 0,999600
4058,510023 67,163800 10,405090 0,999600
4059,521770 66,907570 10,384940 0,999600
4060,532796 66,666690 10,366810 0,999600
4061,530848 66,406040 10,347270 0,999600
4062,542180 66,184890 10,328510 0,999600
4063,538864 65,936480 10,308740 0,999600
4064,548167 63,975600 10,269170 0,999600
4065,552488 60,549850 6,722140 0,999600
4066,550142 59,596990 25,253270 0,999600
4067,568459 58,624230 6,362730 0,999600
4068,569879 57,000990 9,148640 0,999600
4069,574419 54,642110 14,875110 0,999600
4070,583003 53,189750 10,453380 0,999600
4071,582858 50,820800 8,886330 0,999600
4072,594376 48,019740 10,732030 0,999600
4073,590742 44,970710 8,036710 0,999600
4074,600558 42,613070 7,125300 0,999600
4075,611774 40,527210 5,584310 0,999600
4076,608746 38,578020 3,085620 0,999600
4077,603981 36,426630 0,531820 0,999600
4078,604590 34,453860 0,010220 0,999600
4079,603450 32,432140 0,001610 0,999600
4080,599879 29,654830 0,000440 0,999600
4081,597764 29,199390 0,000500 0,999600
4082,604823 28,484140 0,000670 0,999600
4083,600189 21,648960 0,000920 0,999600
4084,615083 21,013690 0,000730 0,999600
4085,613643 20,994950 0,000460 0,999600
4086,621216 20,913560 0,000380 0,999600
4087,630782 20,797190 0,000460 0,999600
4088,626480 20,785090 0,000780 0,999600
4089,641268 20,789100 0,000460 0,999600
4090,639532 20,737610 0,000630 0,999600
4091,647530 20,707350 0,000480 0,999600
4092,645309 20,662700 0,001010 0,999600
4093,640808 20,681990 0,000930 0,999600
4094,635658 20,632150 0,000270 0,999600
4095,651498 20,661450 0,001060 0,999600
4096,673626 20,618440 0,000590 0,999600
4097,683798 20,602400 0,000940 0,999600
4098,680404 20,617180 -0,000010 0,999600
4099,675530 20,593580 0,000800 0,999600
4100,673902 20,593170 0,000350 0,999600
4101,682169 20,597620 0,000340 0,999600
4102,692382 20,584120 -0,000290 0,999600
4103,693956 20,600260 0,000020 0,999600
4104,702475 20,582730 -0,000050 0,999600
4105,703930 20,578690 6,634240 0,999600
4106,708421 20,590920 3,466480 0,999600
4107,718024 20,584250 -0,095120 0,999600
4108,716681 20,581510 0,354410 0,999600
4109,728848 20,590290 -0,000160 0,999600
4110,727384 20,587650 -0,000080 0,999700
4111,722147 20,597330 0,000000 0,999600
4112,720376 20,591090 -0,000010 0,999600
4113,727919 20,594590 0,000100 0,999600
4114,727816 20,597040 -0,000090 0,999600
4115,739093 20,597700 -0,000030 0,999700
4116,737700 20,594940 -0,000130 0,999600
4117,745109 20,600790 -0,000100 0,999600
4118,740052 20,603230 -0,000130 0,999700
4119,756475 20,601800 -0,000020 0,999600
4120,753653 20,601410 -0,000040 0,999600
4121,762156 20,601930 -0,000060 0,999600
4122,759693 20,601540 -0,000050 0,999600
4123,773466 20,601470 -0,000050 0,999600
4124,770590 20,601380 -0,000040 0,999600
4125,771503 20,601300 -0,000020 0,999600
4126,769692 20,600480 -0,000030 0,999600
4127,790090 20,599420 -0,000060 0,999600
4128,787985 20,599210 0,000010 0,999600
4129,801496 20,598300 -0,000100 0,999600
4130,810010 20,599280 -0,000120 0,999600
4131,810003 20,599150 0,000080 0,999600
4132,807665 20,614930 0,000010 0,999600
4133,804737 20,615600 -0,000900 0,999600
4134,803367 20,612720 -0,000700 0,999600
4135,829470 20,625360 -0,001220 0,999600
4136,839636 20,618890 -0,001010 0,999600
4137,837687 20,622050 -0,001570 0,999600
4138,850025 20,617060 -0,001580 0,999600
4139,851385 20,617040 -0,001970 0,999600
4140,849717 20,617480 -0,002110 0,999600
4141,845403 20,619490 -0,002130 0,999600
4142,849883 20,615550 -0,002160 0,999600
4143,842837 20,612910 -0,002910 0,999600
4144,859928 20,614770 -0,002920 0,999600
4145,882292 20,617850 -0,005510 0,999600
4146,891766 20,612630 -0,007830 0,999600
4147,887915 20,608580 -0,007370 0,999600
4148,883951 20,617080 -0,005180 0,999600
4149,886332 20,618940 -0,002670 0,999600
4150,884797 20,617070 -0,000050 0,999600
4151,892447 20,621690 0,001570 0,999600
4152,901489 20,622720 0,001240 0,999700
4153,899881 20,637660 0,001100 0,999600
4154,912421 20,642110 0,001020 0,999600
4155,911078 20,648860 0,001060 0,999700
4156,936473 20,637970 0,000360 0,999600
4157,945761 20,635900 0,000620 0,999600
4158,944762 20,637930 0,000370 0,999600
4159,956428 20,629750 0,000390 0,999600
4160,952810 20,643750 -0,000010 0,999600
4161,963085 20,641030 0,000150 0,999600
4162,973567 20,643200 -0,000590 0,999600
4163,970304 20,648940 -0,000960 0,999600
4164,982814 20,641020 -0,000940 0,999600
4165,979665 20,650050 -0,000790 0,999600
4166,974635 20,660430 -0,000420 0,999600
4167,981847 20,651900 -0,000380 0,999600
4168,983941 20,670340 -0,000560 0,999700
4169,978894 20,668070 -0,000730 0,999600
4170,987889 20,674930 -0,001110 0,999600
4171,986570 20,668210 -0,000530 0,999600
4172,999644 20,658970 -0,000760 0,999600
4173,996891 20,659030 -0,000250 0,999700
4175,011988 20,658210 -0,000850 0,999700
4176,009553 20,655670 -0,000390 0,999600
4177,008136 20,648790 -0,000260 0,999700
4178,002063 20,658910 -0,000970 0,999600
4179,009523 20,688550 -0,001140 0,999700
4180,002912 20,663800 -0,000460 0,999700
4181,004086 20,671830 0,000320 0,999700
4181,999619 20,689930 -0,000010 0,999700
4183,013234 20,697380 -0,000030 0,999700
4184,010049 20,704890 -0,000350 0,999600
4185,004612 20,684170 -0,000370 0,999600
4186,012096 20,691140 -0,000510 0,999700
4187,010065 20,711990 -0,000050 0,999600
4188,004484 20,729440 -0,000880 0,999600
4189,005448 20,740680 -0,000860 0,999600
4190,000436 20,681190 -0,000710 0,999700
4190,996820 20,737960 -0,000200 0,999600
4192,003931 20,783980 0,000320 0,999600
4193,002749 20,782960 0,000160 0,999600
4194,014768 20,734870 0,000030 0,999600
4195,036882 20,786180 -0,000240 0,999700
4196,046132 20,796440 -0,000710 0,999600
4197,042891 20,810170 -0,001070 0,999600
4198,057016 20,812310 -0,003360 0,999600
4199,052283 20,788900 -0,004470 0,999600
4200,063314 20,756050 -0,004680 0,999600
4201,057789 20,844140 -0,005900 0,999600
4202,056687 20,868360 -0,008520 0,999600
4203,054791 20,828800 -0,010860 0,999600
4204,080072 20,810440 -0,013220 0,999600
4205,076238 20,884350 -0,015370 0,999600
4206,091401 20,791270 -0,017620 0,999600
4207,101946 20,879360 -0,019570 0,999700
4208,103342 21,014790 -0,021950 0,999600
4209,099708 21,161350 -0,024660 0,999600
4210,100269 21,742670 -0,026780 0,999600
4211,097585 23,233100 -0,028260 0,999600
4212,119464 24,279220 -0,029460 0,999600
4213,128203 24,877290 -0,030140 0,999700
4214,127584 25,290170 -0,029620 0,999600
4215,139639 25,497250 -0,027670 0,999700
4216,136813 25,649850 -0,026500 0,999600
4217,145861 25,821030 -0,025140 0,999600
4218,155595 25,979270 -0,024230 0,999600
4219,152605 26,152170 -0,023600 0,999600
4220,152360 26,327430 -0,022770 0,999600
4221,146165 26,505550 -0,021860 0,999700
4222,154210 26,727400 -0,020970 0,999600
4223,164653 26,992250 -0,020000 0,999600
4224,165715 27,327640 -0,019010 0,999600
4225,173698 27,607720 -0,018240 0,999600
4226,169543 27,869540 -0,017050 0,999600
4227,180455 28,119420 -0,015150 0,999600
4228,191829 28,364810 -0,012200 0,999600
4229,188024 28,603070 -0,008030 0,999600
4230,183652 28,870230 -0,002520 0,999700
4231,184169 29,113840 0,005140 0,999600
4232,182640 29,353810 0,015310 0,999700
4233,208680 29,594450 0,028500 0,999600
4234,218765 29,836560 -1,788160 0,999600
4235,217263 30,074580 -2,626480 0,999600
4236,229337 30,306530 0,361500 0,999600
4237,226891 30,537490 0,123370 0,999600
4238,222094 30,766150 0,160790 0,999600
4239,221570 30,989430 0,198460 0,999600
4240,217517 31,209860 0,243730 0,999700
4241,212624 31,426380 0,294740 0,999600
4242,210580 31,640890 0,351720 0,999600
4243,222202 31,854300 2,623350 0,999700
4244,216811 32,069920 1,271920 0,999700
4245,213630 32,281050 0,576980 0,999700
4246,220965 32,491940 0,655920 0,999700
4247,220171 32,703500 1,422200 0,999600
4248,231646 32,909220 0,851000 0,999600
4249,228617 33,116200 0,036760 0,999600
4250,223871 33,315210 1,054440 0,999600
4251,247998 33,511050 1,158130 0,999700
4252,244015 33,710730 1,263680 0,999600
4253,257963 33,900360 1,368890 0,999600
4254,255639 34,089620 1,478160 0,999600
4255,263589 34,275470 1,587920 0,999600
4256,258611 34,463060 1,725280 0,999600
4257,257204 34,648380 1,764430 0,999600
4258,255516 34,827280 1,951180 0,999600
4259,286143 35,005500 3,215500 0,999600
4260,280737 35,195350 2,244900 0,999600
4261,292008 35,380920 2,415470 0,999600
4262,301887 35,569530 2,597180 0,999600
4263,299434 35,753200 2,793470 0,999600
4264,311937 35,930010 3,005420 0,999600
4265,307423 36,109480 3,247800 0,999600
4266,318134 36,282480 3,517240 0,999600
4267,327915 36,452730 3,817070 0,999600
4268,326410 36,622440 4,146330 0,999600
4269,338355 36,791240 4,491580 0,999700
4270,337013 36,962700 4,878860 0,999600
4271,344691 37,127140 5,188900 0,999600
4272,354700 37,289260 5,509480 0,999600
4273,351484 37,453400 5,080650 0,999600
4274,351518 37,617150 5,964270 0,999600
4275,349918 37,780460 6,152190 0,999600
4276,370826 37,943520 6,312690 0,999600
4277,367965 38,108740 6,452320 0,999600
4278,369509 38,268200 6,565950 0,999600
4279,390752 38,426830 6,667510 0,999600
4280,389376 38,587350 6,759230 0,999600
4281,397508 38,742600 6,839210 0,999700
4282,407755 38,898910 6,912150 0,999700
4283,403819 39,054030 6,979520 0,999700
4284,417922 39,205500 7,040570 0,999600
4285,419359 39,359810 7,100410 0,999700
4286,423905 39,510860 7,155210 0,999600
4287,433815 39,663140 7,208740 0,999600
4288,427768 39,816130 7,260630 0,999700
4289,443764 39,967660 7,309380 0,999700
4290,441761 40,122450 7,357090 0,999600
4291,450179 40,274020 7,399950 0,999600
4292,459959 40,428150 7,446380 0,999600
4293,486261 40,582550 7,487950 0,999600
4294,483946 40,738590 7,532070 0,999700
4295,492756 40,891500 7,571430 0,999700
4296,502583 41,047450 7,882950 0,999600
4297,500972 41,202930 7,647640 0,999600
4298,512080 41,355220 7,683590 0,999600
4299,507797 41,509110 7,714770 0,999600
4300,518842 41,659760 7,751560 0,999600
4301,528268 41,812170 7,784490 0,999700
4302,523394 41,963760 7,816660 0,999600
4303,539588 42,112790 7,847110 0,999700
4304,537626 42,264460 7,878100 0,999700
4305,545552 42,413000 7,906970 0,999600
4306,555566 42,563490 7,937800 0,999700
4307,552666 42,714260 7,966870 0,999600
4308,547855 42,862540 7,994180 0,999700
4309,546069 43,010590 8,020290 0,999700
4310,553651 43,157900 8,045060 0,999600
4311,563718 43,305560 8,069150 0,999600
4312,557848 43,452450 8,092860 0,999600
4313,555983 43,596050 8,116010 0,999700
4314,554309 43,739460 8,139200 0,999700
4315,562238 43,882440 8,161550 0,999600
4316,573111 44,027010 8,184970 0,999700
4317,571032 44,172120 8,208420 0,999600
4318,582157 44,315010 8,231700 0,999600
4319,584299 44,460000 8,254180 0,999600
4320,588772 44,602910 8,274950 0,999700
4321,585849 44,745650 8,296080 0,999600
4322,583038 44,886190 8,315970 0,999600
4323,580577 45,026280 8,334980 0,999700
4324,575699 45,165940 8,355120 0,999700
4325,576205 45,305260 8,374540 0,999600
4326,574196 45,445080 8,395640 0,999600
4327,582817 45,585470 8,414670 0,999600
4328,593614 45,726800 8,439760 0,999600
4329,591843 45,868610 8,409080 0,999600
4330,602249 46,007610 8,476180 0,999600
4331,597662 46,147700 8,494380 0,999600
4332,592983 46,284330 8,549540 0,999600
4333,595325 46,420150 8,529950 0,999600
4334,595023 46,556000 4,695250 0,999600
4335,590205 46,690860 8,566540 0,999600
4336,594705 46,824250 8,638240 0,999600
4337,589749 46,958000 8,614790 0,999600
4338,601510 47,089690 8,623860 0,999600
4339,611775 47,223880 4,350590 0,999600
4340,609474 47,357180 9,009510 0,999600
4341,621696 47,487820 8,677180 0,999700
4342,617101 47,620770 7,754070 0,999600
4343,627846 47,750730 -0,456700 0,999600
4344,637685 47,882550 8,683100 0,999600
4345,630087 48,013210 6,707560 0,999600
4346,630122 48,141390 3,448070 0,999600
4347,626973 48,269680 -0,500980 0,999700
4348,636181 48,396730 8,788900 0,999600
4349,645658 48,524910 6,897480 0,999600
4350,643958 48,653000 8,821570 0,999700
4351,643183 48,779270 -0,710070 0,999700
4352,636478 48,906360 6,005560 0,999700
4353,644712 49,032420 8,878000 0,999700
4354,654506 49,160420 8,881370 0,999700
4355,652407 49,287790 8,898390 0,999700
4356,664236 49,413920 8,914860 0,999700
4357,661154 49,542300 8,931660 0,999700
4358,671235 49,668660 8,948500 0,999700
4359,680239 49,797760 8,965720 0,999700
4360,679515 49,926940 8,982680 0,999700
4361,686089 50,054790 8,999060 0,999700
4362,683901 50,183420 9,015600 0,999700
4363,697293 50,310040 9,031400 0,999700
4364,707603 50,438330 9,047060 0,999700
4365,703688 50,564530 9,062380 0,999700
4366,704657 50,687330 9,077360 0,999700
4367,698694 50,809960 9,091860 0,999700
4368,705984 50,930900 9,106210 0,999700
4369,715582 51,052840 9,120240 0,999700
4370,741958 51,174220 9,134530 0,999700
