1264,513673 82,487800 9,759780 0,799800
1265,522001 82,396950 9,754210 0,799800
1266,531854 82,307010 9,749460 0,799800
1267,527861 82,173640 9,737300 0,799800
1268,522655 78,391920 9,740870 0,799800
1269,526196 79,109110 9,634310 0,799800
1270,521471 79,220690 9,566950 0,799800
1271,516735 78,442990 9,468740 0,799800
1272,523668 76,766410 9,344220 0,799800
1273,522392 74,828500 9,188710 0,799800
1274,515772 72,301320 9,008540 0,799800
1275,518246 70,098830 8,814500 0,799800
1276,511744 67,685340 8,606130 0,799800
1277,524301 65,449570 9,690960 0,799800
1278,534179 62,873030 8,166990 0,799800
1279,529910 60,185460 7,923920 0,799800
1280,526688 57,496230 7,134990 0,799800
1281,523353 54,320710 7,435460 0,799800
1282,533083 50,991800 5,365270 0,799800
1283,543706 47,365640 6,812460 0,799800
1284,539574 44,052010 5,874360 0,799800
1285,534766 41,148830 4,211050 0,799800
1286,532505 38,706600 1,953760 0,799800
1287,541508 36,039730 0,512180 0,799800
1288,551244 33,588780 -0,664420 0,799800
1289,547799 31,691200 -4,101310 0,799800
1290,561982 29,297790 -1,338560 0,799800
1291,583851 21,092980 1,795520 0,799800
1292,581480 20,819400 0,463280 0,799800
1293,595716 20,774150 0,002860 0,799800
1294,622166 20,726040 -0,057600 0,799800
1295,618892 20,728340 -0,002880 0,799800
1296,616126 20,665870 -0,000730 0,799800
1297,637720 20,658810 -0,000620 0,799800
1298,632040 20,650800 -0,001720 0,799800
1299,648128 20,637860 -0,001220 0,799800
1300,643552 20,633790 -0,001900 0,799800
1301,638461 20,636730 -0,000240 0,799800
1302,631976 20,638490 -0,000980 0,799800
1303,629065 20,639780 -0,001070 0,799800
1304,626294 20,638480 -0,001320 0,799800
1305,627480 20,637610 -0,001390 0,799800
1306,623957 20,636280 -0,001650 0,799800
1307,629119 20,636200 0,006620 0,799800
1308,639497 20,635340 -0,192400 0,799800
1309,636877 20,635090 0,247300 0,799800
1310,636453 20,635580 -0,051990 0,799800
1311,633085 20,635100 -0,012340 0,799800
1312,637624 20,634850 -0,002370 0,799800
1313,647714 20,633800 0,001190 0,799800
1314,644471 20,628110 -0,000840 0,799800
1315,644726 20,643330 0,000070 0,799800
1316,645830 20,672940 -0,001600 0,799800
1317,663829 20,662060 -0,002070 0,799800
1318,673704 20,658270 -0,001890 0,799800
1319,668292 20,656390 -0,001940 0,799800
1320,683987 20,656980 -0,001790 0,799800
1321,682533 20,659610 -0,002340 0,799800
1322,690112 20,662500 -0,002610 0,799800
1323,685698 20,659310 -0,002960 0,799800
1324,683118 20,660150 -0,003470 0,799800
1325,679488 20,661670 -0,003510 0,799800
1326,689135 20,660310 -0,003380 0,799800
1327,686927 20,664860 -0,003440 0,799800
1328,700422 20,666860 -0,003620 0,799800
1329,710018 20,666250 -0,003550 0,799800
1330,706997 20,667030 -0,003720 0,799800
1331,720338 20,671330 -0,003430 0,799800
1332,715273 20,675330 -0,003330 0,799800
1333,710917 20,686170 -0,003890 0,799800
1334,719364 20,682150 -0,004050 0,799800
1335,745640 20,681980 -0,003590 0,799800
1336,742864 20,683420 -0,003050 0,799800
1337,751606 20,692410 -0,002900 0,799800
1338,761495 20,692690 -0,002810 0,799800
1339,758402 20,695770 -0,002890 0,799800
1340,771801 20,705740 -0,002950 0,799800
1341,767088 20,707720 -0,002790 0,799800
1342,795505 20,708100 -0,002760 0,799800
1343,805659 20,715000 -0,002320 0,799800
1344,801982 20,726580 -0,002720 0,799800
1345,815928 20,717010 -0,002270 0,799800
1346,812077 20,716970 -0,002220 0,799800
1347,807072 20,712220 -0,002660 0,799800
1348,814830 20,712420 -0,002580 0,799800
1349,815561 20,709440 -0,002700 0,799800
1350,811288 20,724670 -0,003020 0,799800
1351,808081 20,706610 -0,003100 0,799800
1352,803657 20,714990 -0,003460 0,799800
1353,814181 20,722160 -0,002730 0,799800
1354,824380 20,720680 -0,002800 0,799800
1355,822383 20,721040 -0,002670 0,799800
1356,834253 20,722350 -0,002350 0,799800
1357,831263 20,708930 -0,002070 0,799800
1358,824755 20,715400 -0,002170 0,799800
1359,832638 20,726410 -0,002270 0,799800
1360,831427 20,717920 -0,002020 0,799800
1361,843503 20,737190 -0,002240 0,799800
1362,840382 20,718750 -0,002230 0,799800
1363,835358 20,722230 -0,002290 0,799800
1364,841531 20,718670 -0,002150 0,799800
1365,838191 20,742820 -0,002160 0,799800
1366,835431 20,730650 -0,001990 0,799800
1367,835690 20,737020 -0,002160 0,799800
1368,832878 20,746150 -0,001970 0,799800
1369,831842 20,747950 -0,001530 0,799800
1370,843343 20,750670 -0,001500 0,799800
1371,839156 20,769400 -0,001750 0,799800
1372,837639 20,766530 -0,001540 0,799800
1373,834379 20,749950 -0,000960 0,799800
1374,829897 20,759250 -0,000960 0,799800
1375,830994 20,769960 -0,000620 0,799800
1376,826352 20,766710 -0,000600 0,799800
1377,821559 20,765720 -0,000820 0,799800
1378,817601 20,824880 -0,000820 0,799800
1379,830614 20,834480 -0,000790 0,799800
1380,827368 20,810240 -0,000780 0,799800
1381,827991 20,827700 -0,000760 0,799800
1382,823018 20,835820 -0,000670 0,799800
1383,821128 20,836520 -0,000710 0,799800
1384,834393 20,855740 -0,000740 0,799800
1385,831605 20,860360 -0,000980 0,799800
1386,849390 20,845260 -0,000950 0,799800
1387,847911 20,855970 -0,000780 0,799800
1388,855915 20,844030 -0,000830 0,799800
1389,849381 20,858940 -0,000260 0,799800
1390,867106 20,823960 -0,000440 0,799800
1391,863606 20,792240 -0,001200 0,799800
1392,859547 20,816660 -0,001250 0,799800
1393,855752 20,826910 -0,001130 0,799800
1394,866000 20,829070 -0,001430 0,799800
1395,875595 20,866810 -0,001500 0,799800
1396,874854 20,860920 -0,001470 0,799800
1397,886746 20,869900 -0,001450 0,799800
1398,884079 20,893280 -0,001270 0,799800
1399,892517 20,911130 -0,001440 0,799800
1400,903767 20,918270 -0,001500 0,799800
1401,899705 20,946670 -0,001720 0,799800
1402,912926 20,947090 -0,001830 0,799800
1403,910931 20,908140 -0,001930 0,799800
1404,918906 20,941930 -0,001840 0,799800
1405,928963 20,937160 -0,001740 0,799800
1406,925572 20,931800 -0,001740 0,799800
1407,925913 20,954480 -0,001470 0,799800
1408,923525 20,957330 -0,001260 0,799800
1409,927368 21,085750 -0,001470 0,799800
1410,922477 21,214230 -0,001700 0,799800
1411,921106 21,503680 -0,001910 0,799800
1412,915413 22,113010 -0,001650 0,799800
1413,931336 23,338460 -0,001530 0,799800
1414,929625 24,549220 -0,001510 0,799800
1415,937547 25,383690 -0,001230 0,799800
1416,942323 25,887520 -0,001220 0,799800
1417,940798 26,183970 -0,001010 0,799800
1418,935459 26,426430 -0,000800 0,799800
1419,941498 26,743910 -0,000870 0,799800
1420,939940 27,020860 -0,001040 0,799800
1421,935918 27,138140 -0,002070 0,799800
1422,932790 27,347270 -0,008100 0,799800
1423,929182 27,509210 -0,008630 0,799800
1424,931177 27,641730 -0,008370 0,799800
1425,951689 27,810650 -0,006300 0,799800
1426,950017 27,971310 -0,005680 0,799800
1427,957886 28,118270 -0,006200 0,799800
1428,957615 28,299410 -0,004740 0,799800
1429,955543 28,486020 -0,003590 0,799800
1430,954105 28,686810 -0,004050 0,799800
1431,961919 28,899640 -0,002170 0,799800
1432,960065 29,119020 -0,004190 0,799800
1433,967984 29,335560 -0,003470 0,799800
1434,977537 29,550290 -0,003580 0,799800
1435,974099 29,764480 -0,004820 0,799800
1436,969928 29,968060 0,011600 0,799800
1437,969076 30,171490 -0,040280 0,799800
1438,976562 30,370680 -0,002550 0,799800
1439,972914 30,572990 -0,002370 0,799800
1440,969745 30,772190 -0,004830 0,799800
1441,965215 30,971260 -0,910080 0,799800
1442,980101 31,176240 0,740470 0,799800
1443,978177 31,382370 -0,007310 0,799800
1444,972367 31,587050 -0,003640 0,799800
1445,979103 31,774550 -0,002740 0,799800
1446,977580 31,976930 -0,003170 0,799800
1447,988189 32,176680 1,445910 0,799800
1448,986059 32,378590 0,523550 0,799800
1449,981860 32,575620 0,472910 0,799800
1450,986766 32,769980 -0,000140 0,799800
1451,984952 32,963530 -2,995730 0,799800
1452,980445 33,156940 -0,002630 0,799800
1453,981656 33,348360 -0,002600 0,799800
1454,977643 33,535250 -0,000970 0,799800
1455,971448 33,721110 -0,813330 0,799800
1456,979526 33,900140 -0,757890 0,799800
1457,978199 34,081430 -0,192440 0,799800
1458,989827 34,262000 -0,229670 0,799800
1459,985588 34,446220 -0,859080 0,799800
1460,995905 34,628350 -0,003070 0,799800
1462,005511 34,811060 0,039970 0,799800
1463,003643 34,990430 -0,003160 0,799800
1464,015938 35,165520 -2,383110 0,799800
1465,013987 35,343320 0,132280 0,799800
1466,008942 35,517230 -1,374180 0,799800
1467,014741 35,691450 -0,052040 0,799800
1468,013542 35,866070 0,045430 0,799800
1469,023916 36,040810 -0,116160 0,799800
1470,021134 36,218960 0,156710 0,799800
1471,016793 36,393030 0,398370 0,799800
1472,022731 36,565960 0,100740 0,799800
1473,021596 36,738620 0,556090 0,799800
1474,033103 36,906670 0,753900 0,799800
1475,030463 37,074170 -1,720900 0,799800
1476,025595 37,237110 3,214130 0,799800
1477,048040 37,398400 2,285380 0,799800
1478,045250 37,562440 1,873370 0,799800
1479,046217 37,720870 2,210790 0,799800
1480,040297 37,879360 0,761470 0,799800
1481,035553 38,035380 6,061780 0,799800
1482,058302 38,190680 4,115930 0,799800
1483,053641 38,349550 1,470230 0,799800
1484,049644 38,503750 2,433040 0,799800
1485,048061 38,658180 4,114310 0,799800
1486,055987 38,812520 4,366530 0,799800
1487,051040 38,968760 4,591380 0,799800
1488,050488 39,123280 4,780030 0,799800
1489,046781 39,277830 4,017170 0,799800
1490,046773 39,431800 5,122560 0,799800
1491,064794 39,584040 0,913910 0,799800
1492,060088 39,737290 2,696160 0,799800
1493,058439 39,885750 5,406460 0,799800
1494,056238 40,034070 5,358580 0,799800
1495,053626 40,182180 5,499560 0,799800
1496,051878 40,329650 5,565250 0,799800
1497,050704 40,476740 3,066260 0,799800
1498,047589 40,623580 5,515610 0,799800
1499,045574 40,768210 4,999220 0,799800
1500,053185 40,912630 4,238910 0,799800
1501,049779 41,056930 1,045150 0,799800
1502,062275 41,199820 5,846350 0,799800
1503,059997 41,343360 1,641580 0,799800
1504,054318 41,484440 5,915200 0,799800
1505,054714 41,624010 5,945490 0,799800
1506,051387 41,764180 5,975120 0,799800
1507,071591 41,902990 6,003980 0,799800
1508,066985 42,044880 6,034620 0,799800
1509,062395 42,182950 6,107600 0,799800
1510,069283 42,321320 3,031390 0,799800
1511,068065 42,460980 6,111400 0,799800
1512,079714 42,598800 6,136510 0,799800
1513,077544 42,738370 6,161220 0,799800
1514,085844 42,875170 6,184680 0,799800
1515,090203 43,013500 6,208410 0,799800
1516,088110 43,150170 6,228660 0,799800
1517,105890 43,285690 6,252580 0,799800
1518,103379 43,424720 6,275040 0,799800
1519,112197 43,558940 6,295820 0,799800
1520,122662 43,695290 6,316300 0,799800
1521,119160 43,830920 6,335550 0,799800
1522,131870 43,964110 6,216500 0,799800
1523,130381 44,099660 6,374000 0,799800
1524,138615 44,232910 6,392830 0,799800
1525,148594 44,367900 6,412130 0,799800
1526,147429 44,503010 3,949450 0,799800
1527,159229 44,637230 7,756380 0,799800
1528,155407 44,773600 4,971810 0,799800
1529,149469 44,908020 6,490170 0,799800
1530,156213 45,042220 6,507690 0,799800
1531,155479 45,178530 6,323090 0,799800
1532,149081 45,312960 6,545000 0,799800
1533,151203 45,445660 6,562250 0,799800
1534,148938 45,578760 6,579430 0,799800
1535,175199 45,710440 6,596280 0,799800
1536,185191 45,845090 6,613330 0,799800
1537,181344 45,976920 6,629650 0,799800
1538,177557 46,106670 6,645290 0,799800
1539,172196 46,235560 6,660960 0,799800
1540,183628 46,363990 6,677960 0,799800
1541,193479 46,493930 6,692250 0,799800
1542,187025 46,622330 6,707740 0,799800
1543,185703 46,748970 6,722100 0,799800
1544,179607 46,875960 6,736790 0,799800
1545,191853 47,001880 6,751490 0,799800
1546,202773 47,129600 6,766090 0,799800
1547,198898 47,257140 6,789900 0,799800
1548,193638 47,382450 6,794150 0,799800
1549,189724 47,507420 6,807990 0,799800
1550,200614 47,631870 6,821500 0,799800
1551,210681 47,757100 6,836020 0,799800
1552,207255 47,881150 6,849870 0,799800
1553,215884 48,002800 6,862470 0,799800
1554,211039 48,125520 6,875490 0,799800
1555,226922 48,246120 6,859250 0,799800
1556,236795 48,369250 8,134000 0,799800
1557,235165 48,491430 6,667370 0,799800
1558,247312 48,611880 6,928540 0,799800
1559,243196 48,734240 6,941880 0,799800
1560,253436 48,853860 7,109300 0,799800
1561,262117 48,974810 6,966020 0,799800
1562,257388 49,094990 6,981040 0,799800
1563,255207 49,212590 6,992700 0,799800
1564,254220 49,329860 7,006670 0,799800
1565,261673 49,446500 7,019640 0,799800
1566,271952 49,563730 7,032860 0,799800
1567,265421 49,681720 7,046270 0,799800
1568,263602 49,798510 7,059760 0,799800
1569,261819 49,916220 7,072680 0,799800
1570,270075 50,034200 7,085590 0,799800
1571,280325 50,152720 7,098190 0,799800
1572,276479 50,270660 5,047250 0,799800
1573,272835 50,386030 7,123420 0,799800
1574,270335 50,501120 7,135880 0,799800
1575,278804 50,615450 7,149110 0,799800
1576,289227 50,731340 7,160650 0,799800
1577,285460 50,847500 7,172750 0,799800
1578,280893 50,961330 7,184590 0,799800
1579,279341 51,075410 7,196810 0,799800
1580,287312 51,190080 7,209210 0,799800
1581,297128 51,305060 7,023030 0,799800
1582,293731 51,419950 7,387200 0,799800
1583,293692 51,533500 7,191690 0,799800
1584,291521 51,646580 7,255810 0,799800
1585,295664 51,758480 7,267220 0,799800
1586,305521 51,871130 7,278000 0,799800
1587,301447 51,983870 7,290420 0,799800
1588,316300 52,095220 7,300640 0,799800
1589,313807 52,209020 7,311890 0,799800
1590,310816 52,319900 7,322550 0,799800
