2225,710454 80,414430 2,421690 0,199900
2226,706885 79,213620 2,410760 0,199900
2227,720493 76,181940 2,374850 0,199900
2228,716388 74,240740 2,315550 0,199900
2229,710054 71,872930 2,238940 0,199900
2230,705177 72,906700 2,307910 0,199900
2231,702413 73,154720 2,281890 0,199900
2232,700746 72,757300 2,248910 0,199900
2233,696164 70,980790 2,207020 0,199900
2234,695424 68,541470 2,163910 0,199900
2235,693954 64,442580 2,113260 0,199900
2236,702185 61,653070 2,061000 0,199900
2237,712120 58,453690 2,004030 0,199900
2238,708914 55,009180 2,036170 0,199900
2239,722798 52,007210 4,837480 0,199900
2240,744800 49,582940 1,818270 0,199900
2241,754553 47,639100 1,750030 0,199900
2242,750014 45,922160 1,677060 0,199900
2243,751930 44,540030 1,596030 0,199900
2244,753868 43,257300 1,480510 0,199900
2245,771329 42,095820 1,233970 0,199900
2246,781831 41,004810 0,758370 0,199900
2247,780368 39,689600 -1,399980 0,199900
2248,777939 38,674710 -0,108170 0,199900
2249,776415 37,706920 -0,793350 0,199900
2250,779679 36,860700 0,002080 0,199900
2251,790700 35,573260 0,001630 0,199900
2252,785108 35,238970 0,000920 0,199900
2253,782013 33,603410 -0,004350 0,199900
2254,780005 33,232230 0,000610 0,199900
2255,788470 31,569740 -0,595040 0,199900
2256,798528 30,884760 4,054760 0,199900
2257,794548 28,969780 0,001430 0,199900
2258,795022 20,958250 -0,029320 0,199900
2259,788924 20,974430 -0,350090 0,199900
2260,789456 20,893080 1,337290 0,199900
2261,785010 20,883660 -0,000150 0,199900
2262,789489 20,804600 -4,480480 0,199900
2263,782189 20,813420 0,590130 0,199900
2264,795598 20,662910 4,596870 0,199900
2265,793824 20,626400 -0,000540 0,199900
2266,793129 20,716570 0,076870 0,199900
2267,798285 20,608990 0,241530 0,199900
2268,797610 20,621910 -0,030370 0,199900
2269,808894 20,617060 0,000530 0,199900
2270,804222 20,624330 1,446930 0,199900
2271,815529 20,617290 2,913470 0,199900
2272,825388 20,614290 -1,648320 0,199900
2273,823696 20,632970 -1,060960 0,199900
2274,836159 20,629980 0,020550 0,199900
2275,832183 20,627520 -0,005610 0,199900
2276,826489 20,629090 -0,000190 0,199900
2277,833862 20,634220 -3,345080 0,199900
2278,832505 20,636110 -2,016550 0,199900
2279,844142 20,630450 0,165340 0,199900
2280,839739 20,641930 0,000850 0,199900
2281,839099 20,644860 -0,512130 0,199900
2282,842012 20,638540 0,069980 0,199900
2283,840468 20,647860 -2,025920 0,199900
2284,852522 20,644550 -0,000290 0,199900
2285,848101 20,651620 -0,000480 0,199900
2286,858876 20,646670 -0,000230 0,199900
2287,868104 20,656080 -0,001020 0,199900
2288,866747 20,655280 -0,000810 0,199900
2289,863394 20,650590 -0,338860 0,199900
2290,880629 20,654240 0,064660 0,199900
2291,876770 20,657340 0,832350 0,199900
2292,872257 20,661060 1,004730 0,199900
2293,866325 20,661600 -0,003740 0,199900
2294,861617 20,664150 1,854900 0,199900
2295,858926 20,661010 0,806050 0,199900
2296,859492 20,662520 -0,038590 0,199900
2297,856057 20,658810 0,280200 0,199900
2298,851197 20,656520 -0,000450 0,199900
2299,847670 20,651210 -0,000890 0,199900
2300,854939 20,646880 -0,011100 0,199900
2301,848584 20,645640 -1,679020 0,199900
2302,864840 20,634970 0,264620 0,199900
2303,861708 20,635070 1,693550 0,199900
2304,860011 20,636120 -0,000310 0,199900
2305,863378 20,638670 -0,000640 0,199900
2306,861397 20,637260 -0,002520 0,199900
2307,857299 20,643690 -0,000820 0,199900
2308,857350 20,639110 -0,526630 0,199900
2309,853170 20,641390 -2,452040 0,199900
2310,848113 20,644530 -1,537420 0,199900
2311,855734 20,640540 -0,960170 0,199900
2312,854525 20,642470 -0,000340 0,199900
2313,866534 20,646950 -1,019530 0,199900
2314,867807 20,648100 0,220490 0,199900
2315,872292 20,644530 0,078290 0,199900
2316,882300 20,646580 -1,044350 0,199900
2317,884517 20,646430 -1,528150 0,199900
2318,892666 20,646090 0,699940 0,199900
2319,914760 20,641780 -1,628530 0,199900
2320,924292 20,643730 0,006270 0,199900
2321,921743 20,642810 -0,017800 0,199900
2322,934801 20,641760 -0,115360 0,199900
2323,930849 20,644330 0,004720 0,199900
2324,927304 20,656000 0,134930 0,199900
2325,933904 20,645120 0,047210 0,199900
2326,928199 20,639780 0,008490 0,199900
2327,942775 20,640860 -0,000130 0,199900
2328,940103 20,641200 0,014470 0,199900
2329,935728 20,644800 0,080870 0,199900
2330,936952 20,644730 -0,642860 0,199900
2331,931103 20,642160 -1,393440 0,199900
2332,951742 20,641690 0,177930 0,199900
2333,946737 20,641000 -0,005720 0,199900
2334,943149 20,638490 -0,000860 0,199900
2335,949966 20,641100 -0,001780 0,199900
2336,947068 20,639840 0,003200 0,199900
2337,960393 20,645600 -2,215780 0,199900
2338,958495 20,638740 -2,025350 0,199900
2339,952074 20,636880 -0,745750 0,199900
2340,958884 20,638680 1,114080 0,199900
2341,956545 20,637550 1,037490 0,199900
2342,968188 20,637760 0,637330 0,199900
2343,964875 20,640350 -0,240900 0,199900
2344,962888 20,637320 -0,582330 0,199900
2345,966751 20,636240 -0,036510 0,199900
2346,965034 20,636600 -0,212150 0,199900
2347,977644 20,636010 0,001130 0,199900
2348,978796 20,635120 0,000950 0,199900
2349,983641 20,635410 -0,026560 0,199900
2350,993085 20,634610 0,010770 0,199900
2351,991809 20,634060 0,000880 0,199900
2353,021451 20,634020 0,100620 0,199900
2354,017001 20,633580 -0,156320 0,199900
2355,027877 20,647880 0,759040 0,199900
2356,038040 20,635170 0,940130 0,199900
2357,035684 20,633390 0,047100 0,199900
2358,032263 20,633500 0,040380 0,199900
2359,032099 20,632720 -0,000060 0,199900
2360,029650 20,633690 -0,002970 0,199900
2361,055946 20,633070 -0,002130 0,199900
2362,066112 20,633860 -0,000640 0,199900
2363,062156 20,634980 -0,001190 0,199900
2364,058232 20,634310 0,001660 0,199900
2365,056857 20,647590 -0,004550 0,199900
2366,052038 20,636180 0,000780 0,199900
2367,048030 20,635400 -0,000820 0,199900
2368,057058 20,636190 -0,000680 0,199900
2369,056946 20,634550 -0,001180 0,199900
2370,068485 20,634210 0,001030 0,199900
2371,066766 20,633730 0,001810 0,199900
2372,074338 20,643350 -0,002690 0,199900
2373,068939 20,639350 0,001220 0,199900
2374,068329 20,633410 -0,003010 0,199900
2375,066717 20,633990 0,003350 0,199900
2376,061954 20,633520 0,008100 0,199900
2377,062472 20,633170 0,002980 0,199900
2378,060122 20,633150 0,000500 0,199900
2379,056907 20,633190 0,001080 0,199900
2380,054005 20,633040 0,001440 0,199900
2381,050892 20,633120 0,001160 0,199900
2382,051301 20,633090 0,000530 0,199900
2383,047041 20,633000 0,000370 0,199900
2384,055976 20,631470 0,000530 0,199900
2385,051017 20,633100 0,000270 0,199900
2386,062582 20,644390 0,000090 0,199900
2387,072629 20,634260 0,000480 0,199900
2388,070056 20,633020 0,000510 0,199900
2389,064231 20,632920 0,000170 0,199900
2390,066209 20,631880 0,000240 0,199900
2391,064472 20,631090 0,000220 0,199900
2392,065727 20,631720 0,000310 0,199900
2393,060323 20,630950 -0,000160 0,199900
2394,056942 20,631900 -0,000090 0,199900
2395,054908 20,631110 -0,000160 0,199900
2396,052411 20,631310 0,000370 0,199900
2397,048112 20,631830 -0,000140 0,199900
2398,044338 20,631660 -0,000270 0,199900
2399,042930 20,632160 -0,000970 0,199900
2400,041957 20,636620 -0,000180 0,199900
2401,037912 20,646330 0,000170 0,199900
2402,043101 20,633710 -0,000440 0,199900
2403,038325 20,631990 0,001000 0,199900
2404,036296 20,633700 -0,000500 0,199900
2405,035201 20,634310 -0,000090 0,199900
2406,042729 20,632810 0,000650 0,199900
2407,053529 20,632720 0,000140 0,199900
2408,048183 20,634100 0,000110 0,199900
2409,044665 20,632590 -0,000030 0,199900
2410,043338 20,633680 -0,000060 0,199900
2411,051340 20,634700 -0,000940 0,199900
2412,055758 20,643500 0,000150 0,199900
2413,051786 20,644390 -0,000760 0,199900
2414,070690 20,648340 -0,001430 0,199900
2415,069583 20,655040 -0,001930 0,199900
2416,077718 20,658640 -0,002150 0,199900
2417,087536 20,656750 1,118850 0,199900
2418,085629 20,661570 -1,753070 0,199900
2419,084895 20,657590 0,494690 0,199900
2420,082857 20,662320 -0,984030 0,199900
2421,086237 20,672140 0,179500 0,199900
2422,095742 20,671520 -0,855240 0,199900
2423,091699 20,671930 -1,109790 0,199900
2424,088193 20,672190 -0,896520 0,199900
2425,086698 20,671100 1,622240 0,199900
2426,087975 20,672900 1,710780 0,199900
2427,081914 20,678410 1,694140 0,199900
2428,087936 20,679620 1,732930 0,199900
2429,082077 20,683200 1,873970 0,199900
2430,098562 20,681340 1,962750 0,199900
2431,096255 20,683600 1,177510 0,199900
2432,090430 20,688140 1,250800 0,199900
2433,088574 20,685740 0,961360 0,199900
2434,084255 20,691730 1,128390 0,199900
2435,082933 20,691160 1,255230 0,199900
2436,090476 20,693350 1,296900 0,199900
2437,087020 20,697810 1,276230 0,199900
2438,079946 20,698280 1,121750 0,199900
2439,107605 20,697050 1,243050 0,199900
2440,133638 20,700340 1,275010 0,199900
2441,130049 20,699620 1,240140 0,199900
2442,125216 20,701690 1,289060 0,199900
2443,130163 20,706540 0,692550 0,199900
2444,128900 20,703290 0,395950 0,199900
2445,142086 20,711820 1,186690 0,199900
2446,140571 20,716840 0,884850 0,199900
2447,148186 20,710430 -0,198140 0,199900
2448,157963 20,710280 0,512290 0,199900
2449,158848 20,709850 0,532560 0,199900
2450,168282 20,714100 -0,257870 0,199900
2451,163053 20,717560 0,121890 0,199900
2452,159750 20,718690 0,456970 0,199900
2453,167960 20,719960 0,319230 0,199900
2454,168767 20,720300 0,199360 0,199900
2455,176386 20,725450 0,346610 0,199900
2456,172159 20,721910 0,238250 0,199900
2457,168121 20,714880 0,033320 0,199900
2458,174958 20,720830 3,399710 0,199900
2459,173816 20,727550 -0,504030 0,199900
2460,168117 20,730770 -0,524360 0,199900
2461,168595 20,722120 -2,193050 0,199900
2462,162152 20,731670 -1,795200 0,199900
2463,175303 20,723600 -1,805800 0,199900
2464,184136 20,722970 -2,271420 0,199900
2465,180803 20,721330 0,549680 0,199900
2466,182640 20,722980 -1,103980 0,199900
2467,200001 20,727620 -1,725230 0,199900
2468,227487 20,728530 -1,965420 0,199900
2469,221967 20,726880 -0,806270 0,199900
2470,219954 20,743970 -0,741110 0,199900
2471,215780 20,730650 -0,794990 0,199900
2472,210372 20,728080 -0,819340 0,199900
2473,207146 20,754820 -0,914060 0,199900
2474,204870 20,746210 -0,935230 0,199900
2475,228106 20,751500 -0,882790 0,199900
2476,223439 20,736380 -0,966290 0,199900
2477,218631 20,756620 -0,923950 0,199900
2478,216791 20,762010 -0,870080 0,199900
2479,215770 20,760200 -0,843720 0,199900
2480,237283 20,778750 -0,853430 0,199900
2481,238608 20,744750 -0,940780 0,199900
2482,243280 20,777100 -0,943160 0,199900
2483,236137 20,814160 -0,852790 0,199900
2484,236725 20,820030 -0,925940 0,199900
2485,234740 20,822030 -0,878830 0,199900
2486,247151 20,816520 -0,824210 0,199900
2487,244379 20,837700 -0,914390 0,199900
2488,253540 20,839160 -0,926880 0,199900
2489,262099 20,766300 -0,930190 0,199900
2490,259777 20,829220 -0,954400 0,199900
2491,260289 20,812590 -0,847020 0,199900
2492,255671 20,876060 -0,900310 0,199900
2493,262007 20,879420 -0,819770 0,199900
2494,258192 20,874690 -1,030670 0,199900
2495,260364 20,874190 -0,973820 0,199900
2496,281887 20,894620 -1,028730 0,199900
2497,280355 20,923900 -1,625080 0,199900
2498,288322 20,957080 -1,567360 0,199900
2499,285042 20,957210 -1,297110 0,199900
2500,286885 20,986450 -1,481200 0,199900
2501,308008 21,006170 -1,497590 0,199900
2502,306372 21,042110 -1,359060 0,199900
2503,314444 21,047830 -1,406100 0,199900
2504,324512 21,076600 -1,689890 0,199900
2505,320896 21,153570 -1,687010 0,199900
2506,335203 21,255570 -1,726880 0,199900
2507,332413 21,351790 -1,543390 0,199900
2508,340905 21,158090 -1,745500 0,199900
2509,350046 21,307600 -1,567410 0,199900
2510,377267 21,505960 -1,595680 0,199900
2511,372452 21,818920 -1,903390 0,199900
2512,383661 22,321770 -1,725700 0,199900
2513,393333 22,853480 0,689620 0,199900
2514,391814 23,191700 0,625960 0,199900
2515,403329 23,448060 0,520900 0,199900
2516,400870 23,690090 0,641150 0,199900
2517,410074 23,971000 0,891480 0,199900
2518,420306 24,301810 0,950140 0,199900
2519,417865 24,601350 0,796580 0,199900
2520,416475 24,971060 0,285810 0,199900
2521,412007 25,364070 0,337240 0,199900
2522,436403 25,709570 0,310270 0,199900
2523,446184 26,150470 0,330440 0,199900
2524,472536 26,502770 1,362890 0,199900
2525,468635 26,788170 0,815720 0,199900
2526,478912 27,072250 3,516910 0,199900
2527,488930 27,254070 -3,941440 0,199900
2528,485654 27,447480 -0,586930 0,199900
2529,485621 27,661110 -0,714670 0,199900
2530,503407 27,896360 0,113310 0,199900
2531,500144 28,087620 -5,997480 0,199900
2532,497977 28,271360 -5,412120 0,199900
2533,494850 28,448640 -1,713080 0,199900
2534,507114 28,631630 -2,196320 0,199900
2535,502183 28,819820 -0,043730 0,199900
2536,513848 29,040950 0,169110 0,199900
2537,523963 29,233550 2,239070 0,199900
2538,522170 29,408380 0,481400 0,199900
2539,519770 29,586060 3,263330 0,199900
2540,517295 29,763040 0,034390 0,199900
2541,515974 29,940660 -0,608800 0,199900
2542,512429 30,121100 1,227790 0,199900
2543,509971 30,299280 0,351080 0,199900
2544,504330 30,479250 -0,104620 0,199900
2545,500174 30,644660 -0,039030 0,199900
2546,498974 30,812640 -0,455750 0,199900
2547,511564 30,988310 -0,896260 0,199900
2548,533890 31,168420 -1,399100 0,199900
2549,544293 31,348900 -1,129130 0,199900
2550,540765 31,526100 -0,768930 0,199900
2551,554543 31,700590 -2,249830 0,199900
2552,550125 31,875160 -3,305100 0,199900
2553,544205 32,047350 -0,158450 0,199900
2554,552751 32,214950 -0,035510 0,199900
2555,551842 32,385730 -0,001350 0,199900
2556,562620 32,554430 -0,003020 0,199900
2557,560495 32,725710 -0,004320 0,199900
2558,568857 32,894890 -0,001960 0,199900
2559,580000 33,065260 -0,004000 0,199900
2560,580851 33,234690 -0,003430 0,199900
2561,588838 33,401140 0,003640 0,199900
2562,582581 33,567300 -1,278430 0,199900
2563,580219 33,731480 -0,993700 0,199900
2564,582856 33,896030 -0,848910 0,199900
2565,580810 34,060590 2,376010 0,199900
2566,596981 34,222350 -2,883800 0,199900
2567,593825 34,387020 -0,493490 0,199900
2568,603642 34,546990 -0,720710 0,199900
2569,613908 34,706050 -0,324970 0,199900
2570,612731 34,860450 -0,002820 0,199900
2571,624372 35,014610 -0,002560 0,199900
2572,622012 35,172040 -0,002770 0,199900
2573,630210 35,327550 -0,001740 0,199900
2574,640100 35,484270 0,001460 0,199900
2575,639082 35,641050 0,013720 0,199900
2576,650379 35,795650 0,008320 0,199900
2577,646464 35,953030 0,003020 0,199900
2578,643894 36,107950 0,007610 0,199900
2579,648357 36,262240 0,001840 0,199900
2580,645741 36,417200 0,002180 0,199900
2581,658706 36,571530 0,001630 0,199900
2582,656792 36,729160 0,009660 0,199900
2583,652833 36,883450 0,025130 0,199900
2584,658781 37,039440 0,052250 0,199900
2585,657931 37,197040 0,092280 0,199900
2586,666947 37,353830 0,147120 0,199900
2587,662422 37,512030 0,218180 0,199900
2588,658687 37,668230 0,303530 0,199900
2589,683954 37,824660 0,400890 0,199900
2590,678533 37,984960 0,511780 0,199900
2591,688152 38,141440 0,623140 0,199900
2592,686833 38,299800 0,716170 0,199900
2593,699867 38,455130 0,800860 0,199900
2594,695140 38,613000 0,880270 0,199900
2595,693615 38,766840 0,951080 0,199900
2596,688734 38,920010 1,016390 0,199900
2597,704005 39,071580 1,074360 0,199900
2598,700053 39,225380 1,126810 0,199900
2599,710067 39,374280 1,172150 0,199900
2600,719225 39,524350 1,212220 0,199900
2601,714047 39,673180 1,247570 0,199900
2602,712385 39,819670 1,276710 0,199900
2603,708612 39,965880 1,302970 0,199900
2604,718364 40,111130 1,326510 0,199900
2605,728466 40,258900 1,351080 0,199900
2606,727646 40,405720 1,366000 0,199900
2607,738491 40,550470 1,383140 0,199900
2608,736527 40,696960 1,398680 0,199900
2609,744604 40,840410 1,412000 0,199900
2610,754799 40,986170 1,424570 0,199900
2611,750409 41,130920 1,436350 0,199900
2612,746502 41,274220 1,411070 0,199900
2613,745924 41,417020 1,457290 0,199900
2614,753470 41,560570 1,469110 0,199900
2615,748679 41,705570 1,478830 0,199900
2616,747926 41,848060 1,486790 0,199900
2617,741896 41,991400 1,495740 0,199900
2618,757108 42,133400 1,502580 0,199900
2619,753700 42,278110 1,514800 0,199900
2620,747603 42,419830 1,517750 0,199900
2621,755657 42,560690 1,525510 0,199900
2622,753801 42,702530 1,531650 0,199900
2623,750543 42,842670 1,538530 0,199900
2624,749269 42,981850 1,547830 0,199900
2625,745546 43,120840 1,551870 0,199900
2626,739869 43,259350 1,559190 0,199900
2627,747921 43,396960 1,563100 0,199900
2628,746569 43,535920 1,655940 0,199900
2629,758444 43,672840 1,573970 0,199900
2630,755917 43,811000 1,579980 0,199900
2631,764138 43,946440 1,586440 0,199900
2632,773776 44,082720 1,591750 0,199900
2633,772639 44,217990 1,596590 0,199900
2634,784363 44,351200 1,602250 0,199900
2635,782725 44,486290 1,972030 0,199900
2636,790545 44,618030 1,666860 0,199900
2637,799926 44,751440 -0,096890 0,199900
2638,798674 44,884440 2,910120 0,199900
2639,810717 45,015870 -0,322940 0,199900
2640,805840 45,148300 -0,738980 0,199900
2641,801953 45,278230 0,436950 0,199900
2642,809918 45,406610 1,599220 0,199900
2643,807548 45,536640 1,133820 0,199900
2644,819019 45,663380 2,031060 0,199900
2645,841841 45,792170 -1,080280 0,199900
2646,851909 45,921650 -2,700640 0,199900
2647,850751 46,048410 0,239670 0,199900
2648,845889 46,173230 1,662900 0,199900
2649,863196 46,297720 0,946730 0,199900
2650,859877 46,424560 1,652170 0,199900
2651,855601 46,548410 1,671010 0,199900
2652,874337 46,671620 1,678480 0,199900
2653,870035 46,797030 1,683260 0,199900
2654,872309 46,918660 1,687050 0,199900
2655,870693 47,041430 1,690310 0,200000
2656,878331 47,162490 1,694270 0,199900
2657,872442 47,284780 1,698400 0,199900
2658,872047 47,404890 1,700560 0,199900
2659,868074 47,526060 1,704660 0,199900
2660,864397 47,646640 1,733380 0,199900
2661,860111 47,767050 1,711280 0,199900
2662,870398 47,886510 1,714920 0,199900
2663,880237 48,007240 -0,897700 0,199900
2664,877684 48,127430 1,721330 0,199900
2665,890701 48,245790 1,724060 0,199900
2666,887040 48,365320 1,727630 0,199900
2667,880983 48,481850 1,731010 0,199900
2668,880810 48,597660 0,684040 0,199900
2669,890528 48,713260 1,692100 0,199900
2670,887986 48,830810 -0,584220 0,199900
2671,887782 48,945680 0,960280 0,199900
2672,885111 49,060420 1,746040 0,199900
2673,907204 49,174660 1,750210 0,199900
2674,911166 49,291360 1,754470 0,199900
2675,906599 49,405590 1,653330 0,199900
2676,908909 49,519100 1,451740 0,199900
2677,907623 49,633080 1,764410 0,199900
2678,915348 49,746680 1,851800 0,199900
2679,925791 49,859520 1,767440 0,200000
2680,925762 49,972630 1,724690 0,199900
2681,953328 50,084550 1,773190 0,199900
2682,950651 50,199160 1,242870 0,199900
2683,944027 50,310100 1,779460 0,199900
2684,951573 50,420050 1,782540 0,199900
2685,946570 50,531300 3,328780 0,199900
2686,962262 50,640620 1,203430 0,199900
2687,959678 50,751730 0,237140 0,199900
2688,955651 50,860300 1,793060 0,199900
2689,961142 50,969440 1,267570 0,199900
2690,958750 51,079850 1,799890 0,199900
2691,954800 51,189550 2,250740 0,199900
2692,954498 51,299590 1,685180 0,199900
