6883,926590 107,594000 -8,938460 0,600000
6884,948888 102,974600 -8,869200 0,600000
6885,944075 99,057920 -8,793540 0,600000
6886,942414 95,907240 -8,730600 0,600000
6887,936506 96,827970 -8,703470 0,600000
6888,934825 97,579440 -8,589660 0,600000
6889,930489 97,761230 -8,509440 0,600000
6890,940906 97,492770 -8,427230 0,600000
6891,952371 96,874760 -8,334440 0,600000
6892,946949 96,357970 -8,236170 0,600000
6893,942839 95,642460 -8,135860 0,600000
6894,937790 95,339940 -8,035430 0,600000
6895,949621 95,012760 -7,938200 0,600000
6896,960922 94,427480 -7,839480 0,600000
6897,961859 93,656950 -7,743680 0,600000
6898,970162 92,400150 -7,650570 0,600000
6899,965176 91,398190 -7,556720 0,600000
6900,976106 89,866980 -7,463320 0,600000
6901,980478 87,598650 -7,365420 0,600000
6902,975660 83,840880 -7,264880 0,600000
6903,978089 81,973270 -7,169390 0,600000
6904,977245 79,920230 -7,075900 0,600000
6905,984290 78,384660 -6,982530 0,600000
6906,990411 75,479610 -6,891340 0,600000
6907,984539 73,203820 -6,797980 0,600000
6908,986525 71,255530 -6,713230 0,600000
6909,984804 68,932530 -6,628210 0,600000
6910,992714 67,472430 -6,547320 0,600000
6912,001176 65,520580 -6,466030 0,600000
6912,995304 63,858130 -6,384610 0,600000
6914,012693 62,647280 -6,302500 0,600000
6915,011010 61,031550 -6,229390 0,600000
6916,019424 59,111210 -6,130430 0,600000
6917,029867 57,604990 -6,036560 0,600000
6918,027986 55,598730 -5,946030 0,600000
6919,021830 54,358410 -5,861300 0,600000
6920,040763 52,569420 -5,789880 0,600000
6921,036514 49,882120 -5,697250 0,600000
6922,030363 44,292000 -5,581210 0,600000
6923,039544 38,037250 -5,408100 0,600000
6924,038130 35,174930 -5,206270 0,600000
6925,033128 36,793190 -5,019810 0,600000
6926,033029 33,858900 -4,710650 0,600000
6927,029685 35,101700 -4,461810 0,600000
6928,024185 33,321350 -3,355070 0,600000
6929,032124 28,442890 -2,349460 0,600000
6930,030970 23,458260 -0,398850 0,600000
6931,036871 23,089080 -0,064770 0,600000
6932,032504 22,049020 0,001650 0,600000
6933,032043 21,410100 0,001140 0,600000
6934,038932 21,286110 0,000140 0,600000
6935,042491 21,317740 0,000050 0,600000
6936,039298 21,197280 0,000030 0,600000
6937,039263 21,074510 -0,000650 0,600000
6938,035681 21,196780 0,001600 0,600000
6939,058468 21,200750 0,000570 0,600000
6940,068400 21,143640 0,000860 0,600000
6941,065093 21,086780 0,000470 0,600000
6942,060391 21,034060 0,000490 0,600000
6943,055218 21,125270 0,000080 0,600000
6944,066761 21,106250 0,001040 0,600000
6945,071601 21,042170 -0,000040 0,600000
6946,068288 21,082670 0,000150 0,600000
6947,068729 21,025170 0,000110 0,600000
6948,064427 21,017760 0,000220 0,600000
6949,075392 20,989090 0,000300 0,600000
6950,086227 20,950080 0,000150 0,600000
6951,082277 20,943800 0,000010 0,600000
6952,081854 20,979400 0,000210 0,600000
6953,100081 20,903160 0,008600 0,600000
6954,097036 20,927230 0,000970 0,600000
6955,093769 20,907160 0,004600 0,600000
6956,090000 20,914220 -0,000090 0,600000
6957,086159 20,905140 0,000000 0,600000
6958,082805 20,918770 0,000550 0,600000
6959,092425 20,910530 0,000100 0,600000
6960,102083 20,916780 0,000480 0,600000
6961,098914 20,901350 0,000040 0,600000
6962,099119 20,885040 -0,000080 0,600000
6963,116792 20,891520 -0,000450 0,600000
6964,112446 20,862100 0,000160 0,600000
6965,110032 20,898970 -0,000650 0,600000
6966,106832 20,874540 -0,000050 0,600000
6967,107355 20,849310 0,000010 0,600000
6968,103424 20,869420 -0,000530 0,600000
6969,109307 20,865760 -0,000580 0,600000
6970,118174 20,878950 -0,000430 0,600000
6971,116791 20,870760 0,000110 0,600000
6972,116557 20,868280 0,000160 0,600000
6973,118017 20,837520 -0,000190 0,600000
6974,117539 20,862620 0,000810 0,600000
6975,128064 20,847780 -0,000470 0,600000
6976,123689 20,846040 0,004200 0,600000
6977,119500 20,859660 -0,000520 0,600000
6978,118467 20,861730 -0,005380 0,600000
6979,126310 20,860430 -0,000950 0,600000
6980,136970 20,861180 -0,000290 0,600000
6981,134449 20,844030 -0,000090 0,600000
6982,132764 20,856500 -0,000270 0,600000
6983,130471 20,852810 -0,000240 0,600000
6984,134756 20,866560 -0,001020 0,600000
6985,144834 20,874070 -0,000300 0,600000
6986,141059 20,862290 0,001150 0,600000
6987,142112 20,850290 0,000520 0,600000
6988,139864 20,844780 -0,000310 0,600000
6989,142961 20,840400 0,001150 0,600000
6990,152700 20,839930 -0,000950 0,600000
6991,152225 20,820700 -0,000490 0,600000
6992,163398 20,820030 -0,000750 0,600000
6993,162001 20,806860 -0,000520 0,600000
6994,158495 20,822330 -0,000040 0,600000
6995,155061 20,814880 -0,000050 0,600000
6996,162442 20,818230 0,001170 0,600000
6997,158780 20,804860 -0,000640 0,600000
6998,173609 20,804730 -0,028260 0,600000
6999,171530 20,801580 -0,000100 0,600000
7000,167403 20,802560 -0,000170 0,600000
7001,171078 20,801740 -0,000050 0,600000
7002,170397 20,805970 -0,000070 0,600000
7003,181815 20,809240 -0,000060 0,600000
7004,179294 20,799720 -0,000990 0,600000
7005,175566 20,799330 -0,000590 0,600000
7006,180889 20,807900 -0,000860 0,600000
7007,177952 20,806160 -0,000310 0,600000
7008,190674 20,811390 5,526130 0,600000
7009,188014 20,808220 2,346860 0,600000
7010,183463 20,809850 1,202490 0,600000
7011,188457 20,809490 -0,469030 0,600000
7012,186880 20,808960 0,044890 0,600000
7013,198860 20,812230 0,340680 0,600000
7014,197795 20,802860 0,661240 0,600000
7015,205209 20,791590 -1,027040 0,600000
7016,214900 20,790230 -1,911360 0,600000
7017,213540 20,794060 0,162560 0,600000
7018,225318 20,795100 -3,127810 0,600000
7019,219937 20,799120 -1,841290 0,600000
7020,215088 20,796190 -1,924410 0,600000
7021,224878 20,795610 -0,347530 0,600000
7022,220164 20,791990 -0,485160 0,600000
7023,233428 20,790480 -2,698530 0,600000
7024,229696 20,789290 -0,452420 0,600000
7025,226954 20,789770 -3,227550 0,600000
7026,231783 20,788330 -3,103690 0,600000
7027,230379 20,791650 0,248510 0,600000
7028,226979 20,788870 0,136100 0,600000
7029,225713 20,790440 4,253840 0,600000
7030,221932 20,788730 4,280370 0,600000
7031,217970 20,787270 5,025630 0,600000
7032,216201 20,789240 4,158010 0,600000
7033,227027 20,789910 3,158320 0,600000
7034,252621 20,787730 -0,914630 0,600000
7035,247982 20,788280 -0,876720 0,600000
7036,258612 20,786810 1,036720 0,600000
7037,268815 20,790500 0,902140 0,600000
7038,263002 20,792540 0,629410 0,600000
7039,260823 20,788210 1,759090 0,600000
7040,258695 20,787540 1,511040 0,600000
7041,267234 20,787410 2,841080 0,600000
7042,276982 20,788080 -0,089190 0,600000
7043,272842 20,787110 0,520540 0,600000
7044,269123 20,786370 -0,976090 0,600000
7045,263497 20,788800 -1,254120 0,600000
7046,275474 20,785990 -0,464220 0,600000
7047,285760 20,835240 -0,225200 0,600000
7048,280340 20,787530 -0,031330 0,600000
7049,277388 20,786170 0,012200 0,600000
7050,274324 20,787970 -0,016500 0,600000
7051,284174 20,787670 0,022860 0,600000
7052,293071 20,784720 0,007490 0,600000
7053,288631 20,785160 -0,002980 0,600000
7054,286478 20,786040 -0,002270 0,600000
7055,282372 20,786490 -0,005110 0,600000
7056,292644 20,788510 -0,002880 0,600000
7057,302329 20,784700 -0,003320 0,600000
7058,297972 20,786770 -0,000470 0,600000
7059,294523 20,786280 -0,010200 0,600000
7060,293287 20,787370 -0,001180 0,600000
7061,288431 20,786360 0,001010 0,600000
7062,284919 20,786670 0,000380 0,600000
7063,294789 20,791110 -0,000060 0,600000
7064,290395 20,791420 -0,001130 0,600000
7065,304853 20,796630 -0,003770 0,600000
7066,300819 20,794320 0,003700 0,600000
7067,296987 20,787690 0,005250 0,600000
7068,303878 20,789520 0,000580 0,600000
7069,299710 20,788340 0,001460 0,600000
7070,313007 20,790920 0,000090 0,600000
7071,310381 20,794260 -0,001530 0,600000
7072,306601 20,792790 -0,000240 0,600000
7073,312045 20,792440 -0,001130 0,600000
7074,310044 20,789980 0,000480 0,600000
7075,305680 20,791880 0,000420 0,600000
7076,305242 20,792280 0,001390 0,600000
7077,300523 20,793040 0,002600 0,600000
7078,302234 20,795290 0,000960 0,600000
7079,303701 20,793870 -0,001540 0,600000
7080,302337 20,791670 0,002890 0,600000
7081,314234 20,790540 0,005680 0,600000
7082,312807 20,790800 0,002860 0,600000
7083,320636 20,791790 -0,000100 0,600000
7084,330119 20,791680 -0,000080 0,600000
7085,328499 20,790830 -0,004590 0,600000
7086,340644 20,791750 -0,005210 0,600000
7087,335765 20,844530 -0,002790 0,600000
7088,330791 20,794130 -0,001090 0,600000
7089,339741 20,790490 -0,003480 0,600000
7090,337793 20,788690 -0,002260 0,600000
7091,348573 20,790960 0,007760 0,600000
7092,371609 20,788930 0,006680 0,600000
7093,381492 20,790280 0,008330 0,600000
7094,380838 20,788280 0,004670 0,600000
7095,391719 20,790890 0,004340 0,600000
7096,388257 20,788730 0,001750 0,600000
7097,383649 20,789930 -0,001110 0,600000
7098,389660 20,790260 0,003200 0,600000
7099,387484 20,792880 0,001490 0,600000
7100,400137 20,787110 0,001390 0,600000
7101,398206 20,789070 0,000540 0,600000
7102,392297 20,788640 0,000710 0,600000
7103,393570 20,788730 0,000090 0,600000
7104,392041 20,788570 -0,000820 0,600000
7105,408060 20,794430 0,000480 0,600000
7106,404139 20,794500 0,000720 0,600000
7107,402942 20,794060 -0,001160 0,600000
7108,406677 20,770590 -0,000020 0,600000
7109,403953 20,797760 -0,001330 0,600000
7110,412075 20,794260 0,001270 0,600000
7111,410226 20,783440 -0,000680 0,600000
7112,423282 20,801720 -0,001130 0,600000
7113,432028 20,803860 -0,140130 0,600000
7114,431504 20,802770 -0,741000 0,600000
7115,443431 20,808830 0,020270 0,600000
7116,439032 20,795910 -0,006260 0,600000
7117,435205 20,794410 -0,004720 0,600000
7118,442875 20,787260 -0,001110 0,600000
7119,443771 20,789170 -0,042710 0,600000
7120,451529 20,786280 -0,000240 0,600000
7121,448518 20,805700 -0,020830 0,600000
7122,444290 20,826250 -0,020720 0,600000
7123,450147 20,822580 0,001200 0,600000
7124,447779 20,822080 -0,002160 0,600000
7125,460966 20,835050 0,003340 0,600000
7126,482850 20,855420 0,003630 0,600000
7127,492911 20,848800 0,004000 0,600000
7128,491700 20,851290 0,002650 0,600000
7129,503099 20,848090 0,003640 0,600000
7130,499195 20,860700 -0,006120 0,600000
7131,492913 20,869970 0,000720 0,600000
7132,501932 20,887350 0,003110 0,600000
7133,499377 20,877160 0,006800 0,599900
7134,511355 20,903910 -0,060960 0,600000
7135,506824 20,905340 0,000020 0,600000
7136,502039 20,916250 -1,007020 0,600000
7137,510129 20,913510 -0,890510 0,600000
7138,508775 20,913280 -0,709420 0,600000
7139,520440 20,932440 -0,056680 0,600000
7140,518087 20,918920 -0,028660 0,600000
7141,526292 20,929760 0,123530 0,600000
7142,536838 20,937520 -0,005220 0,600000
7143,534610 20,952430 -0,040360 0,600000
7144,531893 20,946000 -0,066940 0,600000
7145,547485 20,946410 -0,052020 0,600000
7146,544358 20,945610 -0,124120 0,600000
7147,540961 20,992080 -0,037800 0,600000
7148,537737 20,980710 -0,005320 0,600000
7149,534824 20,957070 -0,005710 0,600000
7150,556877 20,994120 -0,005630 0,600000
7151,554443 21,004260 0,001360 0,600000
7152,551735 21,005620 0,013340 0,600000
7153,548089 21,006770 -0,222800 0,600000
7154,556222 20,990370 0,252080 0,600000
7155,551862 21,050850 -0,780750 0,600000
7156,554001 21,019510 1,712080 0,600000
7157,556069 20,977240 0,000270 0,600000
7158,556405 21,031140 -0,025880 0,600000
7159,565541 21,004490 -0,001280 0,600000
7160,560558 21,089860 0,000050 0,600000
7161,557322 20,978240 0,000190 0,600000
7162,555829 21,086130 0,000230 0,600000
7163,563548 21,027660 -0,022630 0,600000
7164,559013 21,023490 0,263440 0,600000
7165,555340 21,054490 0,000850 0,600000
7166,550205 21,015950 0,000980 0,600000
7167,567531 21,069080 0,000450 0,600000
7168,563992 21,075640 0,000220 0,600000
7169,558731 21,094780 0,000440 0,600000
7170,566717 21,007480 0,000620 0,600000
7171,561860 21,054450 0,000680 0,600000
7172,575696 21,040290 0,000730 0,600000
7173,574033 21,027240 0,000570 0,600000
7174,568082 21,038670 0,000490 0,600000
7175,574505 21,102130 0,000630 0,600000
7176,571522 21,089210 0,000500 0,600000
7177,584732 21,091650 0,000150 0,600000
7178,585931 21,046690 -0,000070 0,600000
7179,580883 21,075620 0,000180 0,600000
7180,577456 21,062320 -0,222530 0,600000
7181,584776 21,055530 0,839170 0,600000
7182,583418 21,079060 -0,454420 0,600000
7183,579781 21,107490 -0,015770 0,600000
7184,582876 21,101380 -0,000480 0,600000
7185,600878 21,080380 0,000060 0,600000
7186,610710 21,114980 0,000630 0,600000
7187,609358 21,131870 -0,000210 0,600000
7188,621253 21,088260 -0,002950 0,600000
7189,643546 21,111340 0,001860 0,600000
7190,654023 21,110870 -0,000490 0,600000
7191,650198 21,081080 -0,000040 0,600000
7192,663376 21,122640 -0,000600 0,600000
7193,660804 21,115810 -0,001930 0,600000
7194,654211 21,124220 -0,002970 0,600000
7195,656868 21,126840 -0,095100 0,600000
7196,655636 21,165130 -0,085210 0,600000
7197,672463 21,176080 0,003600 0,600000
7198,668837 21,174060 -0,004250 0,600000
7199,667748 21,201310 0,029270 0,600000
7200,670517 21,212350 -0,003320 0,600000
7201,668805 21,281470 -0,004140 0,600000
7202,680416 21,404340 -0,013490 0,600000
7203,677776 21,507240 1,339530 0,600000
7204,686860 21,991330 1,039900 0,600000
7205,696164 23,824850 -0,000680 0,600000
7206,694121 25,456920 3,886430 0,600000
7207,706573 26,081950 0,194540 0,600000
7208,703448 26,439740 -4,114420 0,600000
7209,699857 27,002020 0,001220 0,600000
7210,705497 27,894950 -0,022440 0,600000
7211,707703 28,867030 0,002090 0,600000
7212,715002 30,162340 -0,011870 0,600000
7213,708458 30,845590 -0,007690 0,600000
7214,705926 31,469850 -0,012470 0,600000
7215,713075 31,882750 -0,006340 0,600000
7216,711285 32,135190 -0,019510 0,600000
7217,724116 32,648140 -0,037390 0,600000
7218,746252 33,129670 -0,043150 0,600000
7219,743852 33,463090 -0,046410 0,600000
7220,758122 33,734290 -0,073760 0,600000
7221,755808 33,988280 -0,105270 0,600000
7222,750121 34,230390 -0,119110 0,600000
7223,746769 34,460970 -0,290940 0,600000
7224,756277 34,691320 -0,244130 0,600000
7225,753711 34,916660 -0,183270 0,600000
7226,754774 35,140250 -0,222400 0,600000
7227,776444 35,360170 -0,265460 0,600000
7228,775139 35,591100 -0,009880 0,600000
7229,782785 35,813570 3,364700 0,600000
7230,778026 36,035850 -0,379990 0,600000
7231,776696 36,253280 -0,287040 0,600000
7232,773868 36,470190 -0,408070 0,600000
7233,768760 36,686990 -0,547120 0,600000
7234,763931 36,905070 -0,328150 0,600000
7235,775230 37,121330 1,878320 0,600000
7236,785645 37,338680 1,455260 0,600000
7237,781766 37,557980 -0,708500 0,600000
7238,781848 37,766060 -0,765480 0,600000
7239,799922 37,970400 -0,925930 0,600000
7240,795737 38,177410 -1,586520 0,600000
7241,792079 38,377680 -0,161370 0,600000
7242,789403 38,574860 -1,469270 0,600000
7243,786091 38,771040 1,592020 0,600000
7244,784970 38,965270 -2,347020 0,600000
7245,792099 39,167980 -1,151920 0,600000
7246,800650 39,363860 -1,630240 0,600000
7247,798452 39,555950 -1,529340 0,600000
7248,799153 39,746520 0,937020 0,600000
7249,796444 39,935250 -1,493470 0,600000
7250,800428 40,124360 -1,554820 0,600000
7251,811069 40,315770 -1,649630 0,600000
7252,831979 40,506860 -1,768420 0,600000
7253,828490 40,698100 -1,815340 0,600000
7254,843201 40,878810 -1,902490 0,600000
7255,851909 41,062860 -2,988820 0,600000
7256,848444 41,247480 -2,113500 0,600000
7257,845591 41,428880 -2,244340 0,600000
7258,843904 41,605590 -2,401940 0,600000
7259,851711 41,780500 -2,590990 0,600000
7260,861608 41,957620 -2,802450 0,600000
7261,857671 42,133200 -3,023640 0,600000
7262,858407 42,304300 -3,231320 0,600000
7263,876401 42,476730 -3,417410 0,600000
7264,874429 42,650110 -3,578520 0,600000
7265,870725 42,819190 -3,710370 0,600000
7266,870677 42,983980 -3,817540 0,600000
7267,865575 43,147390 -3,908310 0,600000
7268,864101 43,308030 -3,990690 0,600000
7269,862406 43,466450 -4,051660 0,600000
7270,858687 43,625020 -4,109740 0,600000
7271,856737 43,781570 -4,161520 0,600000
7272,863902 43,936440 -4,207610 0,600000
7273,859840 44,090450 -4,249410 0,600000
7274,874199 44,241680 -4,287420 0,600000
7275,870304 44,395620 -4,323060 0,600000
7276,866796 44,544720 -4,356040 0,600000
7277,873916 44,692270 -4,386920 0,600000
7278,871429 44,842820 -4,418800 0,600000
7279,882377 44,991070 -4,448140 0,600000
7280,877609 45,142070 -4,476950 0,600000
7281,873906 45,290490 -4,503780 0,600000
7282,880472 45,439060 -4,529250 0,600000
7283,879880 45,589870 -4,553710 0,600000
7284,891614 45,737030 -4,576160 0,600000
7285,888782 45,886130 -4,597540 0,600000
7286,897465 46,033540 -4,617770 0,600000
7287,906645 46,180230 -4,637300 0,600000
7288,905429 46,327290 -4,657050 0,599900
7289,917752 46,476540 -4,675820 0,599900
7290,940066 46,636970 -4,693990 0,600000
7291,950541 46,787790 -4,711060 0,600000
7292,946764 46,932000 -4,727250 0,600000
7293,959605 47,071630 -4,743020 0,600000
7294,958129 47,212440 -4,758470 0,600000
7295,954044 47,348360 -4,774570 0,599900
7296,958651 47,485160 -4,790410 0,599900
7297,955976 47,622990 -4,806820 0,600000
7298,969060 47,761500 -4,823040 0,599900
7299,965528 47,902840 -4,838920 0,600000
7300,960646 48,040900 -4,854240 0,600000
7301,966786 48,180460 -4,870080 0,600000
7302,962414 48,320730 -4,885430 0,599900
7303,977222 48,460240 -4,900880 0,599900
7304,973281 48,601270 -4,916230 0,600000
7305,968680 48,739450 -4,930770 0,600000
7306,975631 48,877070 -4,944660 0,600000
7307,975750 49,015230 -4,958930 0,600000
7308,985412 49,151580 -4,972850 0,600000
7309,982659 49,288490 -4,986240 0,600000
7310,980674 49,422080 -4,999170 0,600000
7311,984058 49,554390 -5,012160 0,600000
7312,982848 49,686870 -5,025020 0,600000
7313,994317 49,818440 -5,037940 0,600000
7314,990525 49,951660 -5,050880 0,600000
7315,986805 50,081080 -5,062720 0,600000
7316,991851 50,210050 -5,074690 0,600000
7317,990359 50,339870 -5,086130 0,600000
7319,002692 50,468470 -5,097550 0,600000
7319,999824 50,597220 -5,109630 0,600000
7321,008538 50,722640 -5,121290 0,600000
7322,018897 50,849070 -5,133290 0,600000
7323,016808 50,975020 -5,144830 0,600000
7324,028928 51,098630 -5,156360 0,600000
7325,026072 51,223500 -5,167320 0,600000
7326,019928 51,345540 -5,178140 0,600000
7327,027766 51,466490 -5,188600 0,600000
7328,025581 51,588200 -5,199290 0,600000
7329,037114 51,707440 -5,209880 0,600000
7330,035697 51,827210 -5,220600 0,600000
7331,043716 51,946240 -5,231460 0,600000
7332,040734 52,065650 -5,241950 0,600000
7333,049975 52,184390 -5,252010 0,600000
7334,048521 52,305300 -5,262410 0,600000
7335,047332 52,424930 -5,273240 0,600000
7336,042030 52,543840 -5,283110 0,600000
