4901,319335 87,092260 10,230770 0,799800
4902,314136 87,082040 10,227860 0,799800
4903,325415 87,034820 10,215510 0,799800
4904,335740 76,536460 9,912310 0,799800
4905,332715 76,473460 9,792680 0,799800
4906,345430 78,437120 9,680360 0,799800
4907,342792 78,441380 9,499630 0,799800
4908,351932 76,337000 9,294410 0,799800
4909,361074 73,116170 6,682070 0,799800
4910,362973 69,268620 2,135460 0,799800
4911,358185 65,058900 13,239320 0,799800
4912,355622 61,331340 -14,206540 0,799800
4913,354143 58,384390 7,109120 0,799800
4914,351038 54,974920 2,187970 0,799800
4915,347115 46,186100 -1,978700 0,799800
4916,357720 31,456010 2,252390 0,799800
4917,381819 21,782200 0,362680 0,799800
4918,380448 21,600540 -3,927720 0,799800
4919,374130 21,553960 1,946890 0,799800
4920,372102 21,447180 -4,426580 0,799800
4921,366985 21,496480 -0,001400 0,799800
4922,365567 21,371970 -0,001530 0,799800
4923,365000 21,379270 -0,001590 0,799800
4924,375879 21,219030 -0,001640 0,799800
4925,373069 21,220400 -0,001750 0,799800
4926,371081 21,216310 -0,001560 0,799800
4927,392829 21,015100 -0,001950 0,799800
4928,419275 21,115360 -0,001980 0,799800
4929,441161 20,996550 -0,002020 0,799800
4930,450452 21,069160 -0,001600 0,799800
4931,447091 21,014810 -3,499910 0,799800
4932,443671 20,964340 0,106510 0,799800
4933,463398 20,996010 1,417930 0,799800
4934,461051 20,978760 -2,557310 0,799800
4935,456715 20,968220 -1,525200 0,799800
4936,454710 20,994300 -2,713680 0,799800
4937,449503 20,920700 -1,088870 0,799800
4938,446991 20,774200 3,979690 0,799800
4939,443120 20,800790 0,179250 0,799800
4940,438666 20,853410 -0,316350 0,799800
4941,435719 20,784910 5,005650 0,799800
4942,445411 20,746460 -2,510180 0,799800
4943,455613 20,752150 -0,001750 0,799800
4944,453518 20,733000 -0,001380 0,799800
4945,452723 20,696300 -0,001090 0,799800
4946,469886 20,717090 -0,013620 0,799800
4947,468767 20,686260 0,089960 0,799800
4948,468579 20,698000 -0,075410 0,799800
4949,489997 20,686270 -0,037500 0,799800
4950,485499 20,704430 -0,001820 0,799800
4951,496513 20,682880 -0,001970 0,799800
4952,507736 20,665170 -0,002060 0,799800
4953,503820 20,674960 2,190810 0,799800
4954,503055 20,663840 -0,968780 0,799800
4955,521188 20,693910 -0,001870 0,799800
4956,517574 20,662970 -0,002150 0,799800
4957,514962 20,651740 -0,082690 0,799800
4958,511912 20,657250 -0,005520 0,799800
4959,525068 20,662660 -0,047930 0,799800
4960,526824 20,651170 -0,004840 0,799800
4961,521748 20,640320 -0,004640 0,799800
4962,517648 20,667200 -0,003360 0,799800
4963,524221 20,670580 -1,618690 0,799800
4964,520402 20,673120 -0,055970 0,799800
4965,535356 20,658860 -0,264970 0,799800
4966,536626 20,663020 0,002220 0,799800
4967,531780 20,673070 0,001260 0,799800
4968,529726 20,670070 0,002150 0,799800
4969,528857 20,677460 0,002720 0,799800
4970,523889 20,683360 0,003240 0,799800
4971,545725 20,681820 0,002110 0,799800
4972,542100 20,684970 0,001150 0,799800
4973,537263 20,686810 0,001090 0,799800
4974,543665 20,687520 0,001570 0,799800
4975,540133 20,681920 0,001920 0,799800
4976,553677 20,686180 0,001850 0,799800
4977,549726 20,693540 0,001260 0,799800
4978,545664 20,707250 0,001400 0,799800
4979,570908 20,705470 0,001380 0,799800
4980,596076 20,697910 0,000920 0,799800
4981,594385 20,707170 0,001490 0,799800
4982,602755 20,701220 0,001660 0,799800
4983,612903 20,710500 0,002380 0,799800
4984,611195 20,704990 0,003040 0,799800
4985,607676 20,707940 0,002670 0,799800
4986,606277 20,691390 0,002330 0,799800
4987,601884 20,700380 0,002260 0,799800
4988,597014 20,691930 0,002510 0,799800
4989,604345 20,696290 0,002070 0,799800
4990,603627 20,698890 0,002120 0,799800
4991,615313 20,723640 0,002280 0,799800
4992,612851 20,714860 0,002780 0,799800
4993,621352 20,695070 0,002410 0,799800
4994,630402 20,697910 0,002910 0,799800
4995,629603 20,690190 0,002440 0,799800
4996,641369 20,693860 0,002570 0,799800
4997,636701 20,692860 0,002700 0,799800
4998,647548 20,682970 0,002570 0,799800
4999,657766 20,700050 0,002550 0,799800
5000,655638 20,706130 0,002360 0,799800
5001,667736 20,687060 0,002110 0,799800
5002,666374 20,748080 0,002160 0,799800
5003,661633 20,724060 0,002090 0,799800
5004,659379 20,727590 0,002120 0,799800
5005,653554 20,714320 0,002010 0,799800
5006,651694 20,719180 0,001910 0,799800
5007,649010 20,714070 0,002180 0,799800
5008,662049 20,724850 0,001660 0,799800
5009,659609 20,733070 0,001920 0,799800
5010,668116 20,811090 0,013230 0,799800
5011,677802 20,785610 0,002500 0,799800
5012,672813 20,746600 0,002090 0,799800
5013,670143 20,739880 0,001880 0,799800
5014,665272 20,731060 0,001570 0,799800
5015,676244 20,742000 0,001690 0,799800
5016,670883 20,734800 0,002750 0,799800
5017,670151 20,743770 0,003230 0,799800
5018,665747 20,751800 0,002830 0,799800
5019,662624 20,753500 0,002250 0,799800
5020,664223 20,739360 0,002060 0,799800
5021,661873 20,754960 0,002340 0,799800
5022,657781 20,742720 0,001840 0,799800
5023,678991 20,790560 0,002210 0,799800
5024,678856 20,735580 0,001830 0,799800
5025,690536 20,767080 0,001830 0,799800
5026,686825 20,758950 0,001720 0,799800
5027,683842 20,750530 0,001130 0,799800
5028,688597 20,760400 0,001110 0,799800
5029,686685 20,769920 0,001330 0,799800
5030,681697 20,760310 0,000760 0,799800
5031,682607 20,770910 0,000190 0,799800
5032,677300 20,771500 -0,001150 0,799800
5033,674838 20,777040 -0,002140 0,799800
5034,670902 20,767430 -0,002450 0,799800
5035,669624 20,902480 -0,002090 0,799800
5036,690792 20,891950 -0,002390 0,799800
5037,692894 20,826770 -0,002450 0,799800
5038,687401 20,937550 -0,001550 0,799800
5039,699086 20,914970 -0,002420 0,799800
5040,707889 20,840490 -0,004850 0,799800
5041,706282 20,847750 -0,008310 0,799800
5042,719124 20,841570 -0,009450 0,799800
5043,716037 20,838670 -0,010390 0,799800
5044,725673 20,843460 -0,010940 0,799800
5045,735424 20,812030 -0,012230 0,799800
5046,732400 20,827020 -0,014280 0,799800
5047,746053 20,838090 -0,015470 0,799800
5048,744321 20,838630 -0,015660 0,799800
5049,752199 20,844210 -0,014460 0,799800
5050,762716 20,853480 -0,014270 0,799800
5051,759653 20,837100 -0,014150 0,799800
5052,754385 20,849020 -0,015190 0,799800
5053,752148 20,821380 -0,015490 0,799800
5054,760681 20,951620 -0,012970 0,799800
5055,770654 20,958950 -0,011960 0,799800
5056,766680 21,025110 -0,012430 0,799800
5057,762762 21,016840 -0,012720 0,799800
5058,761220 21,024650 -0,014220 0,799800
5059,768841 21,035870 -0,015020 0,799800
5060,767553 21,019270 -0,016230 0,799800
5061,766002 20,986880 -0,017250 0,799800
5062,788900 21,077180 -0,018100 0,799800
5063,787205 21,121310 -0,018260 0,799800
5064,795211 21,153080 -0,018360 0,799800
5065,800807 21,189810 -0,018770 0,799800
5066,798928 21,255790 -0,020210 0,799800
5067,798079 21,255640 -0,020540 0,799800
5068,795582 21,296660 -0,020760 0,799800
5069,804000 21,399090 -0,020930 0,799800
5070,808986 21,498470 -0,020540 0,799800
5071,804006 21,602260 -0,018870 0,799800
5072,806034 21,680990 -0,017080 0,799800
5073,804742 21,727760 -0,015450 0,799800
5074,800790 21,803290 -0,014150 0,799800
5075,798538 21,894920 -0,013120 0,799800
5076,805465 21,960280 -0,012280 0,799800
5077,800462 22,039220 -0,011520 0,799800
5078,816496 22,105170 -0,010830 0,799800
5079,814717 22,174610 -0,010200 0,799800
5080,822633 22,286040 -0,009770 0,799800
5081,830984 22,422710 -0,009300 0,799800
5082,827736 22,621870 -0,008820 0,799800
5083,842289 22,903910 -0,007940 0,799800
5084,838130 23,493830 -0,006960 0,799800
5085,835400 24,980110 -0,005850 0,799800
5086,841302 26,853740 -0,004270 0,799800
5087,838953 28,453620 -0,002190 0,799800
5088,850567 29,137790 0,000540 0,799800
5089,847580 29,667570 0,004170 0,799800
5090,843243 30,101410 0,008790 0,799800
5091,849094 30,436120 0,014460 0,799800
5092,846822 30,730510 0,021320 0,799800
5093,859985 30,990540 0,030360 0,799800
5094,855378 31,233970 0,043210 0,799800
5095,853417 31,466280 0,059020 0,799800
5096,858008 31,691420 0,078290 0,799800
5097,857320 31,915290 0,101550 0,799800
5098,868193 32,137110 0,128220 0,799800
5099,890639 32,361420 0,159700 0,799800
5100,900886 32,590020 0,196260 0,799800
5101,900958 32,814180 0,236270 0,799800
5102,895984 33,030850 0,279970 0,799800
5103,894155 33,242900 0,327780 0,799800
5104,887203 33,448940 0,379590 0,799800
5105,900777 33,658250 1,532600 0,799800
5106,910315 33,863780 -0,773500 0,799800
5107,908658 34,065410 -0,865690 0,799800
5108,920549 34,260790 -0,925830 0,799800
5109,943199 34,460820 0,346960 0,799800
5110,953182 34,665300 -0,789180 0,799800
5111,951735 34,863940 -0,902950 0,799800
5112,963531 35,066770 -0,137140 0,799800
5113,962247 35,269540 -0,809230 0,799800
5114,969712 35,454900 1,119590 0,799800
5115,979294 35,593290 -0,915470 0,799800
5116,978038 35,760500 0,921850 0,799800
5117,973127 35,942400 -0,951350 0,799800
5118,973852 36,131610 -1,811220 0,799800
5119,970925 36,324480 1,560390 0,799800
5120,979655 36,515790 0,513460 0,799800
5121,975375 36,712280 1,718980 0,799800
5122,973976 36,908280 1,651610 0,799800
5124,000016 37,103960 1,839170 0,799800
5124,995670 37,303630 2,067150 0,799800
5125,992447 37,497900 2,184690 0,799800
5127,016658 37,693480 2,924220 0,799800
5128,014185 37,894040 2,420370 0,799800
5129,026201 38,074240 2,772250 0,799800
5130,021006 38,258630 0,160130 0,799800
5131,016683 38,446720 0,267730 0,799800
5132,010397 38,636700 0,215990 0,799800
5133,007953 38,824040 3,554460 0,799800
5134,005489 39,009150 3,849040 0,799800
5135,018104 39,190560 4,135350 0,799800
5136,013370 39,372580 4,402670 0,799800
5137,024889 39,550730 -0,046210 0,799800
5138,034710 39,731770 -0,715200 0,799800
5139,031757 39,911030 -1,153750 0,799800
5140,031169 40,088170 -1,707180 0,799800
5141,028157 40,265340 -0,901090 0,799800
5142,033172 40,441340 -0,699960 0,799800
5143,043446 40,618810 0,330210 0,799800
5144,040424 40,797000 -0,834510 0,799800
5145,053542 40,972820 -0,679000 0,799800
5146,051117 41,151640 2,125850 0,799800
5147,059795 41,327000 3,925940 0,799800
5148,069066 41,503730 5,818180 0,799800
5149,065429 41,680780 6,662440 0,799800
5150,061912 41,854090 5,956640 0,799800
5151,060440 42,027240 5,959950 0,799800
5152,068237 42,200290 5,999390 0,799800
5153,063870 42,375400 6,040150 0,799800
5154,061667 42,546480 6,076470 0,799800
5155,056695 42,717350 6,110450 0,799800
5156,071888 42,886540 6,142940 0,799800
5157,067213 43,058340 6,174240 0,799800
5158,061136 43,224930 6,203360 0,799800
5159,069859 43,390330 6,231430 0,799800
5160,066705 43,557560 6,259340 0,799800
5161,080279 43,721410 6,286250 0,799800
5162,074956 43,887600 6,311740 0,799800
5163,071466 44,049670 6,339010 0,799800
5164,078027 44,211530 0,233180 0,799800
5165,073823 44,374600 5,967230 0,799800
5166,089434 44,534610 2,835100 0,799800
5167,086860 44,697990 3,989200 0,799800
5168,095182 44,856840 2,451700 0,799800
5169,104146 45,016170 6,440200 0,799800
5170,103382 45,175470 6,468540 0,799800
5171,115267 45,332420 -0,238420 0,799800
5172,112751 45,490610 3,585740 0,799800
5173,107996 45,646410 2,660640 0,799800
5174,114688 45,801410 3,139940 0,799800
5175,111887 45,958110 6,603590 0,799800
5176,123813 46,112770 6,654520 0,799800
5177,119673 46,268760 3,950620 0,799800
5178,115539 46,422300 6,283610 0,799800
5179,122507 46,574980 6,680010 0,799800
5180,121174 46,728350 6,719810 0,799800
5181,132978 46,879180 4,593950 0,799800
5182,129069 47,031460 7,119760 0,799800
5183,125402 47,179550 6,493760 0,799800
5184,130779 47,326120 6,770240 0,799800
5185,129357 47,473670 -1,839550 0,799800
5186,141083 47,618430 5,716330 0,799800
5187,138711 47,764280 6,818640 0,799800
5188,147030 47,907310 4,073510 0,799800
5189,156787 48,051350 6,854480 0,799800
5190,154506 48,194350 6,829690 0,799800
5191,166941 48,334940 6,809050 0,799800
5192,164265 48,477230 3,014530 0,799800
5193,159266 48,616340 6,407100 0,799800
5194,164947 48,754670 6,879660 0,799800
5195,163256 48,893840 5,696110 0,799800
5196,175511 49,031430 7,223910 0,799800
5197,172207 49,169940 6,822070 0,799800
5198,165523 49,305980 5,671640 0,799800
5199,174976 49,440640 1,752020 0,799800
5200,176416 49,577630 6,343790 0,799800
5201,170845 49,712030 4,537990 0,799800
5202,167331 49,845600 7,039390 0,799800
5203,166303 49,979070 1,355460 0,799800
5204,161765 50,111950 0,531970 0,799800
5205,161421 50,244370 5,701560 0,799800
5206,168611 50,376670 5,002980 0,799800
5207,161404 50,509380 1,047050 0,799800
5208,159944 50,639820 3,140140 0,799800
5209,158418 50,771060 6,862320 0,799800
5210,166720 50,901780 1,217290 0,799800
5211,176597 51,034400 1,666640 0,799800
5212,174467 51,166950 3,244410 0,799800
5213,186739 51,297930 10,041110 0,799800
5214,184587 51,431570 7,209480 0,799800
5215,193009 51,563440 0,032030 0,799800
5216,202916 51,696390 7,304130 0,799800
5217,197419 51,829520 2,332710 0,799800
5218,213051 51,960570 -0,431520 0,799800
5219,211548 52,094400 7,281390 0,799800
5220,219119 52,225000 1,667450 0,799800
5221,229175 52,356710 0,101460 0,799800
5222,225457 52,488260 0,238340 0,799800
5223,221450 52,617830 0,008490 0,799800
5224,219968 52,746930 6,263290 0,799800
5225,245709 52,875460 7,352830 0,799800
5226,255323 53,007030 7,572550 0,799800
5227,250975 53,135560 7,378680 0,799800
5228,247544 53,261650 7,392340 0,799800
5229,246154 53,386880 7,405860 0,799800
5230,241026 53,511320 7,295530 0,799800
5231,240744 53,634130 7,425000 0,799800
5232,248624 53,756810 7,749060 0,799800
5233,274748 53,878570 7,088310 0,799800
5234,276130 54,001940 4,613810 0,799800
5235,280454 54,120920 7,471190 0,799800
5236,290645 54,240510 7,482320 0,799800
5237,287784 54,359630 7,490290 0,799800
5238,300595 54,476130 4,251220 0,799800
5239,296821 54,594350 0,375850 0,799800
5240,291825 54,709780 6,924920 0,799800
5241,298757 54,825540 7,465140 0,799800
5242,295959 54,941860 2,934220 0,799800
5243,309030 55,056840 0,820520 0,799800
5244,305567 55,173490 6,490580 0,799800
5245,302281 55,287430 1,711820 0,799800
5246,307758 55,400950 0,278420 0,799800
5247,304461 55,515190 7,601780 0,799800
5248,299119 55,627800 7,610470 0,799800
5249,300958 55,740040 7,620920 0,799800
5250,296042 55,853120 7,635750 0,799800
5251,295553 55,964330 7,641670 0,799800
5252,294235 56,075430 7,651400 0,799800
5253,318164 56,186260 7,663110 0,799800
5254,313868 56,299760 6,511660 0,799800
5255,311464 56,409120 7,681200 0,799800
5256,306691 56,518910 7,692930 0,799800
5257,300713 56,628100 7,702980 0,799800
5258,293811 56,736850 7,712840 0,799800
5259,293591 56,845370 7,722900 0,799800
5260,292456 56,954100 7,733130 0,799800
5261,321529 57,062760 7,743370 0,799800
5262,318145 57,174370 7,754180 0,799800
5263,327850 57,282420 7,764340 0,799800
5264,356525 57,391430 7,774380 0,799800
5265,381904 57,502210 7,784420 0,799800
5266,377264 57,612130 7,794460 0,799800
5267,388523 57,718010 7,803930 0,799800
5268,398123 57,824970 7,813230 0,799800
5269,393907 57,931460 7,823060 0,799800
5270,390903 58,036120 7,832440 0,799800
5271,388686 58,140560 7,841870 0,799800
5272,383729 58,244680 7,851600 0,799800
5273,380804 58,348470 8,047240 0,799800
5274,390381 58,452130 7,864950 0,799800
5275,389143 58,557450 7,910030 0,799800
5276,395916 58,661380 7,889780 0,799800
5277,394034 58,766010 7,899910 0,799800
5278,406957 58,870490 7,929490 0,799800
5279,415636 58,975770 7,918850 0,799800
