5960,462163 89,955640 7,773630 0,600000
5961,458272 89,892620 7,771550 0,600000
5962,472810 89,821890 7,768160 0,600000
5963,470646 89,743040 7,761890 0,600000
5964,466489 89,659630 7,756370 0,600000
5965,471773 89,566930 7,750170 0,600000
5966,466860 89,463490 7,744070 0,600000
5967,482087 89,351160 7,737710 0,600000
5968,478941 89,226060 7,731140 0,600000
5969,473625 89,094910 7,723860 0,600000
5970,479382 88,955910 7,716080 0,600000
5971,473736 88,808500 7,708480 0,600000
5972,490028 88,656850 7,702020 0,600000
5973,485507 88,481020 7,686030 0,600000
5974,480292 88,210120 7,656460 0,600000
5975,488984 87,741850 7,619420 0,600000
5976,487015 86,542790 7,533180 0,600000
5977,498179 84,506860 7,530370 0,600000
5978,493617 81,811970 7,426210 0,600000
5979,489616 78,745810 7,298540 0,600000
5980,496131 75,271230 7,146620 0,600000
5981,495451 71,401580 6,971840 0,600000
5982,507542 67,065970 6,787540 0,600000
5983,529788 62,724910 6,579390 0,600000
5984,539089 59,423830 6,040610 0,600000
5985,535291 56,421550 6,643770 0,600000
5986,549761 53,697240 5,955490 0,600000
5987,546627 51,446550 5,753490 0,600000
5988,541766 49,482740 5,553080 0,600000
5989,548139 47,801880 5,353740 0,600000
5990,543723 46,579380 5,145930 0,600000
5991,557666 45,890430 4,933200 0,600000
5992,553629 45,001160 4,517610 0,600000
5993,547429 44,640840 3,844080 0,600000
5994,557252 43,830480 2,934540 0,600000
5995,583060 43,183520 1,513050 0,600000
5996,585059 42,286980 0,351760 0,600000
5997,582620 41,465090 0,022050 0,600000
5998,590957 40,568190 -0,001280 0,600000
5999,600841 39,520750 0,001270 0,600000
6000,598773 36,180480 -0,000380 0,600000
6001,611292 23,335240 0,001000 0,600000
6002,609006 21,999390 0,000520 0,600000
6003,602077 21,714530 -0,000730 0,600000
6004,608338 21,417920 -0,000630 0,600000
6005,603094 21,431790 -0,646200 0,600000
6006,619067 21,365310 -0,019550 0,600000
6007,615617 21,250120 -5,039720 0,600000
6008,612947 21,281690 -0,000090 0,600000
6009,617404 21,191550 -0,106600 0,600000
6010,614222 21,252080 0,000070 0,600000
6011,627523 21,302500 -2,698540 0,600000
6012,622362 21,303740 7,382930 0,600000
6013,617738 21,266980 0,034890 0,600000
6014,627644 21,148060 -0,000020 0,600000
6015,628386 21,250050 0,000440 0,600000
6016,622149 21,167430 0,001610 0,600000
6017,637695 21,183440 0,641550 0,600000
6018,636357 21,148090 -0,023320 0,600000
6019,644198 21,097470 0,013480 0,600000
6020,638299 21,092470 0,676270 0,600000
6021,639544 21,062990 -0,000190 0,600000
6022,659108 21,014370 4,642420 0,600000
6023,654260 20,979770 -0,000440 0,600000
6024,652937 20,958900 -0,814240 0,600000
6025,650446 20,880240 0,007290 0,600000
6026,651462 20,909320 -1,029460 0,600000
6027,672906 20,874880 -4,415510 0,600000
6028,670143 20,904120 0,052780 0,600000
6029,662893 20,808800 -2,343030 0,600000
6030,659055 20,882010 -0,735060 0,600000
6031,654872 20,826060 -1,287630 0,600000
6032,650871 20,821530 -1,150230 0,600000
6033,646966 20,785530 0,186690 0,600000
6034,642254 20,777550 -4,579300 0,600000
6035,653693 20,781690 -1,948850 0,600000
6036,663033 20,814660 -1,841860 0,600000
6037,658947 20,807420 -1,022900 0,600000
6038,655242 20,747740 -0,527570 0,600000
6039,653937 20,787960 0,946710 0,600000
6040,661911 20,765240 0,971810 0,600000
6041,672307 20,767860 1,095380 0,600000
6042,668196 20,749830 1,165250 0,600000
6043,682711 20,768020 0,793400 0,600000
6044,679829 20,757370 1,204530 0,600000
6045,688562 20,743350 0,524620 0,600000
6046,698371 20,776860 0,275360 0,600000
6047,692925 20,767430 1,359110 0,600000
6048,690870 20,746580 0,766820 0,600000
6049,689234 20,775230 -0,610510 0,600000
6050,696676 20,782100 -0,438070 0,600000
6051,706087 20,772330 -0,014240 0,600000
6052,702642 20,784110 -0,733890 0,600000
6053,716679 20,789510 -1,089100 0,600000
6054,715575 20,779820 -0,526590 0,600000
6055,723341 20,779260 3,739530 0,600000
6056,733608 20,787970 5,111260 0,600000
6057,729128 20,783100 4,427190 0,600000
6058,729914 20,783530 3,511070 0,600000
6059,727549 20,778340 1,486020 0,600000
6060,731742 20,787690 -0,565570 0,600000
6061,740942 20,782610 -0,497260 0,600000
6062,735448 20,779810 -0,973120 0,600000
6063,734081 20,769780 0,003900 0,600000
6064,731853 20,781000 -1,700230 0,600000
6065,740211 20,770120 -0,862000 0,600000
6066,749314 20,770700 -0,384390 0,600000
6067,744132 20,767610 -0,609080 0,600000
6068,760437 20,769070 -0,895330 0,600000
6069,755209 20,756780 -0,468400 0,600000
6070,766749 20,758230 -0,679050 0,600000
6071,775493 20,761300 -0,427830 0,600000
6072,772165 20,757040 -0,269270 0,600000
6073,786716 20,759880 0,042450 0,600000
6074,783636 20,760770 -0,133140 0,600000
6075,777182 20,758210 -0,300290 0,600000
6076,785285 20,757760 -0,342420 0,600000
6077,782171 20,750990 -0,843000 0,600000
6078,777402 20,755670 -0,952890 0,600000
6079,796931 20,755130 -0,946790 0,600000
6080,793300 20,741930 -0,002740 0,600000
6081,787537 20,748970 0,081860 0,600000
6082,795465 20,744040 -0,457770 0,600000
6083,796761 20,751860 -0,349430 0,600000
6084,805079 20,745850 -0,235960 0,600000
6085,801600 20,741990 -0,192790 0,600000
6086,796143 20,736630 -0,344660 0,600000
6087,802968 20,744540 -0,264010 0,600000
6088,802255 20,744160 -0,873160 0,600000
6089,809006 20,738730 -0,943900 0,600000
6090,807598 20,739660 -1,163990 0,600000
6091,803608 20,729700 -0,190060 0,600000
6092,811837 20,739520 -0,225010 0,600000
6093,810962 20,727290 -0,111140 0,600000
6094,805499 20,731410 0,000980 0,600000
6095,801140 20,736740 -0,001900 0,600000
6096,795527 20,732770 -0,267920 0,600000
6097,812520 20,728630 -0,885360 0,600000
6098,822284 20,741340 -0,253870 0,600000
6099,816922 20,740220 -0,361670 0,600000
6100,814312 20,726560 -0,286950 0,600000
6101,809997 20,728710 0,281030 0,600000
6102,821005 20,736550 -0,344440 0,600000
6103,831414 20,733590 0,208940 0,600000
6104,827107 20,726390 -0,000950 0,600000
6105,822822 20,690550 -0,000300 0,600000
6106,818351 20,684830 -0,000810 0,600000
6107,829521 20,680820 -0,000870 0,600000
6108,839173 20,679650 -0,000600 0,600000
6109,835454 20,678640 -0,000810 0,600000
6110,831849 20,676620 0,000760 0,600000
6111,827306 20,674740 -0,226540 0,600000
6112,837749 20,673380 -0,521450 0,600000
6113,847069 20,673750 -0,519350 0,600000
6114,844122 20,673070 -0,409630 0,600000
6115,839902 20,675400 -0,370430 0,600000
6116,834302 20,671950 -0,437320 0,600000
6117,846433 20,672660 -0,963810 0,600000
6118,856275 20,672480 -0,399190 0,600000
6119,855399 20,671430 -0,727820 0,600000
6120,866015 20,671020 -0,500600 0,600000
6121,861047 20,670900 -0,409930 0,600000
6122,872730 20,670880 -0,331120 0,600000
6123,881879 20,669360 -0,845810 0,600000
6124,877432 20,669200 -0,561200 0,600000
6125,874242 20,669670 -0,532620 0,600000
6126,869580 20,670660 -0,242510 0,600000
6127,881316 20,671020 -0,364560 0,600000
6128,890405 20,672630 -0,351840 0,600000
6129,887441 20,671040 -0,200700 0,600000
6130,883628 20,669770 -0,256280 0,600000
6131,881190 20,669800 -0,265410 0,600000
6132,889485 20,670580 -0,146460 0,600000
6133,898331 20,670070 -0,064800 0,600000
6134,895333 20,709830 -0,221000 0,600000
6135,891536 20,710160 -0,180170 0,600000
6136,890147 20,708230 -0,172400 0,600000
6137,898204 20,707020 -0,141020 0,600000
6138,902949 20,712980 -0,122750 0,600000
6139,899519 20,686780 0,314180 0,600000
6140,899786 20,679440 -0,171050 0,600000
6141,898524 20,677040 0,008980 0,600000
6142,906525 20,673930 0,253300 0,600000
6143,917555 20,673870 0,034470 0,600000
6144,912113 20,672440 0,064690 0,600000
6145,909242 20,675310 0,118610 0,600000
6146,906440 20,671930 0,008240 0,600000
6147,915233 20,671040 0,021010 0,600000
6148,925593 20,672240 -0,027310 0,600000
6149,921810 20,711150 -0,020920 0,600000
6150,921992 20,712020 -0,151180 0,600000
6151,919693 20,708890 -0,193710 0,600000
6152,916066 20,714990 -0,014370 0,600000
6153,911077 20,717750 -0,007520 0,600000
6154,916362 20,715090 -0,047930 0,600000
6155,910730 20,716030 -0,215600 0,600000
6156,927379 20,718300 -0,272260 0,600000
6157,923785 20,710580 -0,199900 0,600000
6158,919466 20,713930 -0,183950 0,600000
6159,926901 20,710370 -0,034830 0,600000
6160,925571 20,717890 0,059730 0,600000
6161,953760 20,717400 0,015130 0,600000
6162,950726 20,715060 -0,161470 0,600000
6163,945550 20,712770 -0,171140 0,600000
6164,951123 20,711890 -0,288470 0,600000
6165,950014 20,710180 -0,213790 0,600000
6166,962590 20,713520 -0,287970 0,600000
6167,956898 20,711680 -0,248170 0,600000
6168,952337 20,707730 -0,604790 0,600000
6169,960571 20,726270 -0,154740 0,600000
6170,959385 20,688020 0,045850 0,600000
6171,970812 20,701120 -0,256110 0,600000
6172,968902 20,693970 -0,120590 0,600000
6173,977225 20,700240 -0,293890 0,600000
6174,986208 20,681750 -0,429740 0,600000
6175,985396 20,705920 -0,352990 0,600000
6176,997310 20,709610 -0,248790 0,600000
6177,992744 20,714810 -0,107960 0,600000
6178,988463 20,719730 -0,166980 0,600000
6179,990098 20,728260 -0,134970 0,600000
6180,988709 20,732470 -0,207170 0,600000
6182,005485 20,735560 -0,326710 0,600000
6183,001056 20,750060 -0,345970 0,600000
6183,997235 20,833420 -0,266220 0,600000
6185,005046 20,805730 -0,307450 0,600000
6186,002930 20,818040 -0,543100 0,600000
6186,998320 20,896590 -0,442500 0,600000
6187,997652 20,897050 -0,416510 0,600000
6188,995317 20,897790 -0,498920 0,600000
6190,003971 20,829860 -0,376770 0,600000
6191,013083 20,842010 -0,328710 0,600000
6192,009484 20,851960 -0,311840 0,600000
6193,006841 20,863530 -0,375130 0,600000
6194,004173 20,917080 -0,426880 0,600000
6195,012849 20,940010 -0,391810 0,600000
6196,023322 20,882850 -0,432310 0,600000
6197,019118 20,886180 -0,335780 0,600000
6198,014754 20,881580 -0,253310 0,600000
6199,011382 20,886570 -0,153970 0,600000
6200,021005 20,898960 -0,097210 0,600000
6201,031215 20,887850 0,398810 0,600000
6202,027317 20,910780 0,504320 0,600000
6203,023182 20,971620 -0,719970 0,600000
6204,017197 20,941460 0,401800 0,600000
6205,029756 21,014050 0,062650 0,600000
6206,040077 20,925100 -0,054480 0,600000
6207,066325 20,989420 -0,013270 0,600000
6208,063735 20,986630 -0,003020 0,600000
6209,072290 20,975140 -0,003610 0,600000
6210,067873 20,974710 -0,004350 0,600000
6211,065322 20,992120 -0,004460 0,600000
6212,061125 20,982570 -0,004180 0,600000
6213,058169 21,025000 -0,004350 0,600000
6214,052751 21,030750 -0,004430 0,600000
6215,064647 21,007800 -0,005860 0,600000
6216,074075 21,006220 -0,004840 0,600000
6217,071144 21,001040 -0,003450 0,600000
6218,071281 21,007760 -0,003800 0,600000
6219,065790 21,013010 -0,004390 0,600000
6220,073135 21,024690 -0,003970 0,600000
6221,083325 21,023300 -0,003810 0,600000
6222,077272 21,041560 -0,004040 0,600000
6223,074793 21,035330 -0,003850 0,600000
6224,073348 21,016100 -0,003440 0,600000
6225,081537 20,988510 -0,003660 0,600000
6226,091426 21,024570 -0,006460 0,600000
6227,087997 20,963100 0,057380 0,600000
6228,083789 20,972750 -0,675220 0,600000
6229,084842 20,999640 -0,585080 0,600000
6230,081076 21,024350 -0,200300 0,600000
6231,078034 21,038260 -0,434190 0,600000
6232,083249 20,886130 1,173480 0,600000
6233,083232 21,001100 -1,092370 0,600000
6234,079327 21,013870 1,442540 0,600000
6235,077243 21,057740 -0,458810 0,600000
6236,072075 21,085440 0,335560 0,600000
6237,068008 21,105740 -0,090010 0,600000
6238,075682 20,944160 -0,009980 0,600000
6239,073119 21,084740 -0,019530 0,600000
6240,086470 21,061180 -0,003860 0,600000
6241,082741 21,092090 -0,000480 0,600000
6242,092564 20,955570 -0,004750 0,600000
6243,101927 21,053520 0,000770 0,600000
6244,099972 21,102470 -0,006040 0,600000
6245,112536 21,129810 -0,005060 0,600000
6246,107149 21,141900 0,003550 0,600000
6247,103271 21,138460 0,010040 0,600000
6248,111402 21,014970 -0,015440 0,600000
6249,112959 21,128460 -0,616410 0,600000
6250,120575 20,996900 -1,845400 0,600000
6251,116953 21,096820 0,001280 0,600000
6252,114017 21,076090 0,000950 0,600000
6253,119789 21,093660 -0,001000 0,600000
6254,117030 21,078890 0,071210 0,600000
6255,129615 21,085870 -1,693550 0,600000
6256,127651 21,025250 -0,007070 0,600000
6257,122854 21,056790 -0,007700 0,600000
6258,145748 21,020480 -0,008120 0,600000
6259,143015 21,008000 -0,008290 0,600000
6260,143003 21,019740 -0,008460 0,600000
6261,138037 21,001170 -0,009400 0,600000
6262,132672 20,993830 -0,009710 0,600000
6263,154042 20,974770 -0,009450 0,600000
6264,150988 20,972010 -0,009020 0,600000
6265,151188 21,021310 -0,008760 0,600000
6266,144311 20,982040 -0,008400 0,600000
6267,140713 20,983520 -0,007790 0,600000
6268,161857 20,988600 -0,007090 0,600000
6269,158911 20,978030 -0,006410 0,600000
6270,159367 20,983540 -0,005600 0,600000
6271,177262 20,973310 -0,004790 0,600000
6272,186731 20,980630 -0,004040 0,600000
6273,185335 20,994360 -0,003670 0,600000
6274,197561 21,005060 -0,003510 0,600000
6275,195876 21,026510 -0,003380 0,600000
6276,192925 21,039770 -0,003230 0,600000
6277,195707 21,066390 -0,003160 0,600000
6278,193847 21,092310 -0,003200 0,600000
6279,205453 21,126480 -0,003120 0,600000
6280,201992 21,169750 -0,003000 0,600000
6281,198937 21,220060 -0,002890 0,600000
6282,204852 21,275760 -0,002860 0,600000
6283,201961 21,328630 -0,002790 0,600000
6284,197165 21,380490 -0,002850 0,600000
6285,215768 21,457980 -0,002810 0,600000
6286,213010 21,585450 -0,002730 0,600000
6287,222431 21,681550 -0,002700 0,600000
6288,232771 21,771360 -0,002660 0,600000
6289,228631 21,918760 -0,002730 0,600000
6290,224097 22,141880 -0,002720 0,600000
6291,219778 22,549250 -0,002630 0,600000
6292,230646 23,347300 -0,002450 0,600000
6293,240793 24,793610 -0,001990 0,600000
6294,267366 26,582080 -0,001290 0,600000
6295,263377 28,486750 -0,000090 0,600000
6296,258846 29,451600 0,001610 0,600000
6297,282908 30,062010 0,004070 0,600000
6298,277023 30,547390 0,007690 0,600000
6299,275450 30,919340 0,012090 0,600000
6300,269194 31,235610 0,018170 0,600000
6301,264883 31,515620 0,026020 0,600000
6302,259938 31,792960 0,035770 0,600000
6303,258298 32,069020 0,047520 0,600000
6304,255481 32,362560 0,067540 0,600000
6305,251920 32,660350 -0,520020 0,600000
6306,251661 32,943700 -3,235870 0,600000
6307,250298 33,217640 -1,284640 0,600000
6308,247192 33,497880 -1,194660 0,600000
6309,243386 33,778570 -1,119800 0,600000
6310,251309 34,048020 0,231670 0,600000
6311,247954 34,308620 -0,575060 0,600000
6312,261663 34,553580 1,810320 0,600000
6313,259974 34,806980 1,928210 0,600000
6314,253338 35,047610 0,403260 0,600000
6315,260797 35,284130 0,451830 0,600000
6316,259967 35,519370 0,484280 0,600000
6317,270091 35,747340 -1,776690 0,600000
6318,265080 35,975760 -1,371810 0,600000
6319,262668 36,199550 -1,603600 0,600000
6320,269044 36,421260 -0,352990 0,600000
6321,267927 36,643120 -2,019940 0,600000
6322,274033 36,862760 -1,980280 0,600000
6323,271779 37,083240 -5,337370 0,600000
6324,285001 37,301340 0,296820 0,600000
6325,294988 37,521780 1,069500 0,600000
6326,293751 37,739610 -0,106580 0,600000
6327,299909 37,952870 0,605070 0,600000
6328,295596 38,165830 0,074180 0,600000
6329,311620 38,375020 1,362940 0,600000
6330,321089 38,586770 -2,224200 0,600000
6331,319846 38,794800 -1,820960 0,600000
6332,331616 38,997820 -3,014840 0,600000
6333,327979 39,202220 -0,752840 0,600000
6334,321821 39,400950 1,552790 0,600000
6335,330408 39,598790 -0,272160 0,600000
6336,327962 39,799730 -0,160720 0,600000
6337,339801 39,997790 -0,481170 0,600000
6338,335690 40,199270 -0,544840 0,600000
6339,329951 40,394900 0,950580 0,600000
6340,337708 40,589210 -0,316560 0,600000
6341,337116 40,784380 -0,510480 0,600000
6342,331356 40,975780 -0,230550 0,600000
6343,331977 41,163650 -0,594630 0,600000
6344,327712 41,350710 -1,284790 0,600000
6345,338820 41,534810 3,726750 0,600000
6346,348857 41,719690 -1,307880 0,600000
6347,343901 41,901500 3,946070 0,600000
6348,341188 42,078250 4,030080 0,600000
6349,339400 42,253100 4,433530 0,600000
6350,347301 42,426490 -0,860840 0,600000
6351,355797 42,600600 4,228510 0,600000
6352,350948 42,774660 4,278670 0,600000
6353,349339 42,945550 4,323840 0,600000
6354,343925 43,115130 4,367940 0,600000
6355,373370 43,283620 4,407480 0,600000
6356,382879 43,457940 4,440010 0,600000
6357,378829 43,627740 4,472490 0,600000
6358,375493 43,792970 4,499080 0,600000
6359,369936 43,957140 4,524440 0,600000
6360,382054 44,119680 4,550990 0,600000
6361,391121 44,284490 4,581960 0,600000
6362,387945 44,447750 4,607000 0,600000
6363,402548 44,607400 4,625810 0,600000
6364,398269 44,770220 4,648950 0,600000
6365,408434 44,929250 4,668530 0,600000
6366,417890 45,089870 4,688160 0,600000
6367,415011 45,249420 4,706490 0,600000
6368,410889 45,405890 4,726590 0,600000
6369,407135 45,561370 4,745600 0,600000
6370,434688 45,714780 4,763810 0,600000
6371,444637 45,872490 4,777120 0,600000
6372,439252 46,026010 4,790500 0,600000
6373,436989 46,176020 4,807110 0,600000
6374,435934 46,325900 4,827780 0,600000
6375,443316 46,474910 4,844940 0,600000
6376,453886 46,624130 4,860490 0,600000
6377,448992 46,773720 4,877410 0,600000
6378,445223 46,919000 4,893020 0,600000
6379,443552 47,063590 4,895950 0,600000
6380,451554 47,207710 4,917590 0,600000
6381,461081 47,352810 -1,036510 0,600000
6382,457285 47,497850 4,271040 0,600000
6383,454056 47,640830 4,963400 0,600000
6384,451732 47,784070 -0,291000 0,600000
6385,460278 47,927770 4,502890 0,600000
6386,468826 48,073210 4,998510 0,600000
6387,467290 48,218960 2,716630 0,600000
6388,480583 48,362870 5,025140 0,600000
6389,479118 48,509570 5,038040 0,600000
6390,486630 48,653940 5,049490 0,600000
6391,495702 48,798910 -0,157920 0,600000
6392,493792 48,942660 5,082020 0,600000
6393,488740 49,083440 5,091030 0,600000
6394,487190 49,222470 0,592900 0,600000
6395,494858 49,359560 -0,716440 0,600000
6396,505218 49,496860 -0,132600 0,600000
6397,502626 49,632710 7,462900 0,600000
6398,501311 49,765530 -0,332160 0,600000
6399,499264 49,897480 -0,197260 0,600000
6400,503481 50,028880 -0,154740 0,600000
6401,513135 50,160690 0,648560 0,600000
6402,509925 50,292100 5,189850 0,600000
6403,506054 50,420040 5,201940 0,600000
6404,503485 50,549020 5,211450 0,600000
6405,512093 50,677200 6,073260 0,600000
6406,521354 50,806660 4,845260 0,600000
6407,516925 50,936250 -0,267710 0,600000
6408,532255 51,063820 2,328900 0,600000
6409,528761 51,193230 0,334680 0,600000
6410,523669 51,320070 -0,745800 0,600000
6411,530387 51,446120 -0,144910 0,600000
6412,525571 51,572940 -0,199220 0,600000
6413,540438 51,698020 -0,091930 0,600000
6414,538851 51,824740 -3,841380 0,600000
6415,546978 51,948810 6,325880 0,600000
6416,557241 52,073870 -0,056670 0,600000
6417,553831 52,198480 -0,209320 0,600000
6418,549431 52,321010 -0,033620 0,600000
6419,550581 52,443270 5,372570 0,600000
6420,547374 52,565290 5,137790 0,600000
